0.0	0.0	0.0	0	0.0
0.183090684582	-0.558859321058	-0.808797910782	1	1.0
0.497869019454	-0.74543099589	-1.7394458625	2	1.95683745844
-0.00152551465688	0.119905658786	-1.69704806334	3	1.7012794666
0.414460737315	1.02510496644	-1.78405180809	4	2.09891847124
1.06231345847	1.75811745115	-1.99136690389	5	2.86094896878
1.39655651151	2.69533813687	-1.89187334754	6	3.57692640755
2.24614567325	2.92235040489	-2.36796544621	7	4.38093170785
2.17034076912	3.88474914632	-2.1071162963	8	4.92357533405
2.87211630004	3.18328180272	-2.23143310957	9	4.83338688695
3.58733010159	3.19875428613	-1.53269866764	10	5.04481233016
4.22612441685	3.12763292466	-0.766615398848	11	5.31318308247
5.15900183571	3.00285666607	-0.428723986281	12	5.98466810727
4.2028619618	3.02982321452	-0.72039048553	13	5.23095018451
3.756160168	3.92092145446	-0.800399448682	14	5.48844272423
3.75263440836	2.97700653995	-0.470229487643	15	4.81310177669
2.80542771281	3.26166124099	-0.32267889606	16	4.31427634404
3.32694157912	3.66204216481	-1.07614980001	17	5.06331822818
2.81537429143	3.77209314021	-0.223983329776	18	4.71223806607
1.94197550358	4.18663274134	0.0316168980491	19	4.61520987557
2.74471678217	4.54033440595	0.511722690653	20	5.33010007826
2.5953925737	3.67522348089	0.0328851732153	21	4.49937903279
2.93299803472	2.73512117741	-0.014339943775	22	4.01043276477
3.83965648408	3.14839321925	-0.0990552059375	23	4.966402492
4.83928333585	3.14435236974	-0.0720398632353	24	5.77155133146
5.35378496731	3.99969702688	-0.132650000407	25	6.68417428002
6.16171887752	3.99159091438	-0.721867352225	26	7.3770366698
5.2451711032	3.70660717431	-1.00244612064	27	6.50043497554
4.29575590735	3.99566821923	-1.12514289402	28	5.97367808521
3.71589998865	3.27241741127	-1.50021006443	29	5.17370840661
2.88442946321	2.82093167033	-1.82396520501	30	4.427689904
1.96588845342	2.46621832274	-1.99849558739	31	3.73375613016
1.15787973719	1.87772245274	-2.02668291594	32	2.99565864829
0.839428355676	0.998214790235	-1.67305176743	33	2.12136157886
1.26785413345	0.168780767874	-1.31459597449	34	1.83414929258
0.60842504446	-0.45849601984	-0.900256610938	35	1.17934795564
-0.00869680384257	-0.12300706814	-1.61202046759	36	1.61673014481
-0.505555965276	-0.251265245943	-2.47032158813	37	2.53401061692
-1.06077346056	0.193170282625	-1.76732045451	38	2.0702600517
-2.00393839598	0.204112232532	-1.4351756392	39	2.47328931055
-2.61680026551	0.913384945324	-1.78350385763	40	3.29587646888
-1.93985376553	0.876614199118	-1.04839070417	41	2.37289025333
-2.12376455142	-0.0914107183556	-1.21899135477	42	2.45044316651
-2.14809484538	0.525073624567	-2.00598251846	43	2.98562885174
-2.61507524366	0.928711713478	-1.21921342857	44	3.03110629328
-2.92282397278	1.5864014487	-1.9067706494	45	3.83345064423
-3.76879973112	1.56932341123	-1.37382284995	46	4.30743735942
-2.92984848758	2.11332651699	-1.35894226257	47	3.85964832603
-3.7998597714	2.4374883873	-0.987459493295	48	4.6211860135
-3.25341955533	1.75835902346	-0.497371340582	49	3.73148006947
-2.45629225201	1.56000625015	-1.06767322521	50	3.09950274134
-2.20976091837	2.27638952332	-1.72037323859	51	3.60897168987
-2.86998004676	1.5567606111	-1.93541958526	52	3.79554186383
-2.33763190216	0.864586054706	-2.42275913468	53	3.47588748101
-3.00545880161	0.414061998144	-1.8302768085	54	3.54318262896
-3.23685753807	-0.554100084104	-1.92575878198	55	3.80694372316
-2.89045367505	-0.0482478963778	-1.13574743532	56	3.10595758888
-2.21986062548	-0.718742695839	-1.45314574307	57	2.74881880268
-1.71481884631	0.124443885276	-1.6374530699	58	2.3743088494
-0.977505835999	0.420396059614	-2.24472717221	59	2.48415993527
-1.84211958269	0.922813740992	-2.24914785856	60	3.05018947726
-2.23934510755	0.624761511396	-3.11712064087	61	3.88862887746
-1.77715926093	1.4871073731	-2.91037476309	62	3.72022373514
-1.15463112995	2.25711562329	-2.77056767894	63	3.7555011978
-1.44136179093	1.35249695762	-3.08592556735	64	3.66465666059
-2.43692397903	1.34463156573	-2.99214888991	65	4.08651287855
-1.7285334128	0.641130458134	-3.0493240356	66	3.56332051569
-1.18843680202	1.02876432888	-2.30230620899	67	2.78771446829
-1.46784973489	1.98323374037	-2.40678853036	68	3.44679995692
-0.52025138454	2.04835871383	-2.09403286816	69	2.97513169063
-0.858883291615	2.94788163566	-1.81801304165	70	3.56831305607
-1.79747777807	3.11992294494	-1.51894419023	71	3.90794536784
-2.73038973671	3.4771685524	-1.47365784153	72	4.66019277391
-2.78309899326	2.47865486696	-1.48751981375	73	4.01274035443
-3.24200070585	3.03631293053	-0.795835852449	74	4.51255132856
-2.40412461536	2.76033560062	-1.26679250688	75	3.87350371753
-1.5261994661	2.40326924058	-1.58577690591	76	3.25878447406
-0.611568486385	2.33348797896	-1.98399888732	77	3.12336897378
-1.10713139915	2.49327184646	-1.13025037916	78	2.95289863607
-0.194022369803	2.10440704526	-1.00771031666	79	2.34129318421
-0.947821636922	1.95930384247	-1.64859386726	80	2.7304027435
-1.74716205167	1.96717942659	-2.24942069467	81	3.46154063862
-2.47630804465	1.48926457984	-2.73926099535	82	3.98165308903
-2.67196497439	0.635576800121	-3.22189495665	83	4.23367001606
-2.3997434721	0.376331611301	-4.14854882178	84	4.80737470354
-2.70370189285	-0.512240435501	-3.80496623186	85	4.69576002526
-1.87747986982	-1.05983560477	-3.67269114258	86	4.25873718366
-1.39214132932	-0.474515079519	-4.3221881663	87	4.56558129775
-1.24428460091	-0.640374900245	-5.29719017026	88	5.47891849555
-2.15228650476	-1.00834665159	-5.09686709916	89	5.6238024854
-2.14982823503	-1.77765937185	-5.73573476571	90	6.37812571098
-2.87323978266	-1.60814665244	-5.06645069246	91	6.04239729938
-2.94420779327	-1.32886854169	-6.02403477667	92	6.83544044825
-2.13261666488	-1.821044659	-6.3388085206	93	6.93143209952
-2.34982591913	-2.71881992406	-6.72197912661	94	7.62224815971
-1.86246890111	-2.0073090828	-7.22817618286	95	7.72946382952
-0.910858460905	-2.01726281166	-6.92103046275	96	7.26633849015
-1.30644404796	-1.25186639979	-6.41340818585	97	6.66376545894
-1.21421144999	-0.745946388528	-5.55577301279	98	5.73562195664
-1.94304026137	-0.0798006171831	-5.39747463942	99	5.73711653002
-2.075887723	-0.840770542152	-6.03251505171	100	6.43486152082
-1.58815576154	-1.71221733869	-6.08445746766	101	6.51725015736
-1.50359288825	-2.11219176472	-5.17184058255	102	5.78533323464
-0.827976322534	-2.02847369373	-5.90432508117	103	6.29772220576
-0.611785774052	-2.87281248179	-6.39458384726	104	7.03690528346
-0.935341889701	-3.81893829351	-6.40712930155	105	7.51734394764
-0.116885868924	-3.26525205464	-6.56062617755	106	7.32921204006
0.189920683307	-3.70782029408	-5.71800936491	107	6.81759725243
0.455568034416	-2.81048087338	-5.36557008092	108	6.07418202451
0.157707955286	-3.05266153769	-4.44219155664	109	5.39227967457
0.0550604941712	-2.59834570744	-5.3270986846	110	5.92726011483
-0.762237975301	-2.9534104772	-4.87327909371	111	5.74912943871
-0.834888237233	-1.95635964815	-4.8980093127	112	5.33993227193
-0.00817497189359	-1.4733509216	-4.60948245607	113	4.83923116633
0.876473830812	-1.23794746218	-5.01195196692	114	5.23644753759
1.27703179766	-1.45812503056	-4.12252790969	115	4.55545554069
0.473594307659	-1.71945707016	-3.58755710232	116	4.00641861851
1.02262588718	-2.54400663662	-3.45087375612	117	4.40752347163
1.55316343955	-2.57497409107	-2.60377817575	118	3.9777467275
2.1942568607	-2.73323182658	-1.85280965809	119	3.96462142174
1.31728085947	-2.45194139579	-1.46320885366	120	3.14455491613
2.06961650552	-2.57316701865	-2.11073910319	121	3.91914793641
2.37679674014	-2.7642791017	-1.17847493721	122	3.83134504759
2.05924072219	-2.55385256081	-0.253878351478	123	3.29045429563
1.99465625315	-3.2351355411	-0.983043865694	124	3.92570131052
1.04638905765	-3.42752480178	-1.23558237426	125	3.79071498933
1.27468523337	-4.39911827119	-1.29792807457	126	4.76042868814
1.84569972876	-3.60780895322	-1.07935998599	127	4.19379433342
1.38733279568	-4.49655563307	-1.07396612817	128	4.82670779018
1.39395852022	-3.98315175973	-1.93208765955	129	4.64129087877
0.962327881546	-3.0965803743	-2.09847927676	130	3.86244744185
0.99547046352	-3.07204919778	-1.09932974308	131	3.41130086644
1.84979541832	-3.50437692141	-0.810848182172	132	4.04473428936
2.30991730979	-3.31108790811	0.0557123767753	133	4.03758900611
2.65061038192	-2.65918441092	0.733170907581	134	3.82551130017
2.73474383491	-3.65393568273	0.791407230621	135	4.63210483698
3.68375792402	-3.50062308585	1.06684779825	136	5.19255222955
3.72745108426	-2.55189990292	1.37992163926	137	4.72337468666
4.27915362004	-2.42370117344	2.20405111803	138	5.38918587663
3.87346880312	-2.45338784852	3.11758192246	139	5.54456396368
3.52407769858	-3.2558328743	2.63383835747	140	5.4732692081
3.62224371954	-4.25096192528	2.64287186375	141	6.17868097106
4.25104628853	-4.42147481549	3.40151056795	142	7.01363730422
5.05909902872	-4.2558116823	3.96684807367	143	7.70988324796
5.05360315792	-5.04722999291	4.57809831132	144	8.48365602952
4.06077442986	-5.13096700816	4.6634167092	145	8.03518306031
3.37746224932	-4.89854431463	3.97127210331	146	7.15359977679
2.68755586609	-5.58710123478	3.74784750733	147	7.24465442097
1.89527673419	-5.06954723925	4.07100635196	148	6.77240546836
1.24391279871	-4.99412706879	4.8260141807	149	7.05542607518
1.50855539547	-5.15384671603	3.87498635236	150	6.62218956121
2.2755421413	-5.32748902826	3.25726499194	151	6.64605195667
2.76660199568	-4.58791727973	3.71758428134	152	6.52100486559
2.62912106478	-5.56808171326	3.57483738336	153	7.12006136605
1.92605307183	-5.74692655445	2.88657150445	154	6.71335536882
1.5848071829	-4.80813972087	2.93379993214	155	5.8512394776
2.04093074666	-4.28785157031	3.65577744908	156	5.9929774035
2.91739135599	-4.00166856433	3.26858746033	157	5.93364876013
2.72602924919	-3.49489021014	4.10915646036	158	6.04405988257
2.28439950254	-2.79400783516	4.66926989826	159	5.901444082
2.19510061146	-3.22251114869	3.77015332164	160	5.42375339286
2.86936431765	-3.96093079994	3.78039408196	161	6.1817152801
2.10103577331	-4.13699730598	4.39575725392	162	6.39153971011
1.21020239964	-4.4516455354	4.06801895576	163	6.15065167648
2.17314006713	-4.69803470463	3.95827641242	164	6.51628882067
1.319439496	-4.50656467598	4.4425640986	165	6.46424176006
0.506612713026	-3.98482835237	4.70160816725	166	6.1839010986
0.350682028525	-3.00888094854	4.5492523778	167	5.46553196354
-0.184123209614	-2.68157243619	3.77024499978	168	4.63027854942
-0.676147513996	-3.31881457043	3.17708857332	169	4.64387741185
-1.62339624482	-3.09831735709	2.94449274177	170	4.57220114598
-2.58631825732	-2.92168468323	3.1484096277	171	5.01375774247
-2.03057225441	-3.579110651	2.63955063237	172	4.88881215361
-2.83051502244	-2.99039281637	2.52334874311	173	4.82923941919
-3.03476360301	-2.3261353416	3.24240682459	174	5.01337189621
-3.75418440482	-2.17057741442	3.91933772299	175	5.84521300247
-2.87422602009	-1.71177773588	4.04252902179	176	5.24722775602
-1.98599771411	-2.12662818647	3.84517254205	177	4.82204170887
-1.53035884223	-2.92355346494	4.24178736651	178	5.37419046099
-1.57321114176	-2.71981283112	5.21987398565	179	6.09257413242
-1.18146664998	-1.84807061158	4.92559222299	180	5.39190941853
-1.87980297144	-2.15521568048	4.27907208503	181	5.14675351553
-2.54220062359	-2.26515079473	5.02011433826	182	6.06590801963
-1.97573719247	-2.98416376463	5.42277986983	183	6.49733117091
-2.14772867764	-2.61831964504	6.33742570795	184	7.18549238676
-1.70215870768	-2.1151760067	5.59694351298	185	6.22069855346
-1.12839044934	-2.82916401281	5.99820541353	186	6.72725071634
-0.732824951783	-2.16813865265	6.63583650622	187	7.01941477363
-0.161410102698	-1.80499413214	5.89989416644	188	6.17193715243
0.809286425575	-1.71071581998	6.12093680906	189	6.40682140814
1.27764286441	-1.28584121979	5.34626021827	190	5.64519771602
1.60891861932	-1.65085760509	6.21632884354	191	6.62998448316
2.0702415102	-0.985198982177	5.62974569675	192	6.07869669873
1.21342174593	-0.555637328211	5.34454983951	193	5.50866028731
1.45841600758	-1.33960237048	5.91496777774	194	6.23765625647
2.27807700481	-0.8471122593	6.20755851582	195	6.66640958441
1.47946504556	-0.27600555991	6.39744289238	196	6.57208273315
1.19047192111	0.677639258375	6.31351116668	197	6.46040568473
1.21404701819	0.297071584255	5.3890586475	198	5.53209858867
1.66829380596	-0.581452006922	5.53689692246	199	5.81192895597
1.30168369583	-0.0176997631145	4.79677501713	200	4.97028613769
1.44570941156	0.621744142719	5.55200219123	201	5.77073390593
0.699517331255	0.209712776391	5.02909920553	202	5.08184442544
1.38065716206	0.724503902118	5.54971290854	203	5.76458441439
1.05074907004	0.857049164074	4.6150512562	204	4.81012525567
1.83800019962	0.382574177445	4.22121227128	205	4.61987454096
2.33925198192	-0.449984402668	4.45699365608	206	5.05364999262
2.27554923567	-0.879358983288	3.55611662249	207	4.3124658814
2.46818126901	-1.85994904932	3.59266825897	208	4.7390499535
3.15929182917	-2.32854721564	3.04241199853	209	4.96583605913
2.44176319904	-2.96786310007	2.76595609815	210	4.73507466022
3.21166463824	-3.38582764875	3.24819816389	211	5.68589570142
2.79506611683	-4.28354861587	3.10487078633	212	5.98342760814
3.08330559615	-5.23440459254	2.99177386249	213	6.77174096388
3.042824196	-4.44220853819	2.38285131593	214	5.88812161715
3.38825895556	-4.82064624464	1.52409656093	215	6.08619744117
3.61254898678	-4.01026466252	0.982824288174	216	5.48622606413
3.48882613305	-4.79076628581	0.37003568554	217	5.93803635897
2.57328493684	-4.38974673912	0.401142617418	218	5.10417350795
2.41773201931	-5.05233302715	-0.331511940177	219	5.61082857525
1.55724995301	-4.54897308721	-0.252775770394	220	4.8147771656
1.8033048499	-5.46930202423	-0.556834375575	221	5.78577890485
1.55767871107	-6.43287810004	-0.451056560982	222	6.63413412874
1.55160128811	-7.1742569619	0.220002637687	223	7.3434209108
2.01320202287	-8.0420388826	0.404065941373	224	8.30003861793
2.46648902537	-7.7864457262	1.25799979816	225	8.26407094909
1.9542553033	-7.04494517577	0.824648269162	226	7.35733722809
1.89201288447	-8.0408036084	0.890919405103	227	8.30830745761
1.4304057854	-7.28704922503	0.42318741385	228	7.4381607072
1.32635980344	-7.38375932589	1.41304679277	229	7.63386097263
0.642827533817	-8.10633379674	1.51634137377	230	8.27195055741
0.704362567733	-8.61581051527	0.658060002147	231	8.66956518104
0.412094062486	-9.15193322828	1.4499890125	232	9.27524508936
0.708780387606	-8.23501042902	1.71687813681	233	8.44188586398
0.983922001469	-7.39602271469	1.24741385965	234	7.56474030212
1.41015358788	-6.56749611114	0.884274352074	235	6.77513685774
2.22547010243	-6.03810671865	0.649741087454	236	6.46789095481
2.28890073651	-5.12857905088	0.238966238876	237	5.62125382153
2.80791089843	-4.56046203848	-0.399681952262	238	5.37046769666
2.29821452994	-4.69666973632	0.4498220648	239	5.24812695422
3.10825065519	-4.83330572243	1.02006068424	240	5.83631648743
2.1279958011	-4.90003274974	0.833921153573	241	5.40685782765
1.37541568111	-4.40927963123	1.27299351624	242	4.79103617755
0.694657943759	-3.73009985206	1.54737232485	243	4.09762805497
0.171888460364	-3.58745450724	0.706917464177	244	3.6604791743
0.32483007885	-2.72990997298	0.215769591228	245	2.75762208383
0.532701785672	-3.06858729944	1.13342258776	246	3.31430927482
-0.297298693153	-3.34982714632	1.61508985225	247	3.73071623874
-1.28885062617	-3.22294384674	1.6420229622	248	3.83988832966
-1.98959849718	-3.80156829623	2.05933120288	249	4.75933490039
-2.26746905326	-3.57721290545	1.12527948446	250	4.38225079115
-2.70967433611	-2.89855949391	0.538863220339	251	4.00429216189
-3.12267328326	-2.33635316881	1.25535182295	252	4.09701632445
-2.64937479083	-1.54769086879	0.862923086011	253	3.18734529977
-3.31681601821	-2.22083216334	1.18136147181	254	4.16280901838
-3.22299618016	-1.25118036416	0.955588961657	255	3.58696347133
-3.56723477574	-0.591772100546	1.62393058926	256	3.9639006954
-3.04871070106	-0.601834868818	2.47893440485	257	3.97516766082
-2.86727421777	-0.268724415756	1.55366783321	258	3.27220995467
-2.47477781473	-1.18569786984	1.62512591953	259	3.18926934032
-1.74022056232	-1.75455445798	1.99502837299	260	3.1759986084
-1.15590938928	-2.09645573491	1.25903654567	261	2.7048893116
-1.4559513551	-1.1500322641	1.37844103738	262	2.31137799817
-0.610718277351	-1.67707961712	1.46677071506	263	2.3101924567
-0.2812149647	-1.00941156864	2.13433864717	264	2.37768690792
0.361046425476	-0.893792591913	1.37662329237	265	1.68056877508
-0.00699840057322	-0.931271645643	0.447570911415	266	1.03326452389
0.357314174467	-1.73071673892	0.925235951485	267	1.99477202095
-0.63356856728	-1.81759185807	0.822259712581	268	2.09312214811
0.29924702972	-2.17163193029	0.755098047499	269	2.31855711312
1.0016304891	-2.15225309027	0.0435631315977	270	2.37431142602
1.61387937172	-2.15906426548	0.834198897054	271	2.82171099314
1.08584065808	-2.99503560543	0.983621237013	272	3.33418640007
1.31330254957	-2.92571609866	0.0123046594236	273	3.2069813971
2.00738562079	-2.2472877765	-0.22849339278	274	3.02193789008
2.29334329552	-1.38944524239	-0.655499709982	275	2.76037342084
3.19998230422	-1.74842717575	-0.4338295058	276	3.67220538319
3.29576368367	-2.11560761957	0.491375579047	277	3.94706268233
2.4354729366	-2.35472146963	0.0411263178433	278	3.38790982738
2.95946457933	-2.37632242643	0.892575762623	279	3.89897811775
2.90493644047	-2.06721143824	1.84203723054	280	4.01311848968
3.55351232879	-1.70893168174	2.51359134837	281	4.676113646
2.97517796081	-0.967748510886	2.8544386251	282	4.23509633223
2.60318170485	-1.14107492786	1.94253032996	283	3.44267789117
3.01425702093	-1.27953016044	1.04150467379	284	3.43622973697
2.62462932625	-0.689226776596	0.334587299155	285	2.73416556019
3.40127493846	-0.228746034812	0.764446670902	286	3.4936191361
3.44624169062	-0.737643574949	-0.0952051684166	287	3.52558702317
4.33631700156	-0.391504838225	0.201365086004	288	4.35860861677
4.2082604629	0.599523601973	0.239629346444	289	4.25750007594
4.31480195685	1.58114017497	0.397989106783	290	4.61258230375
3.34145514917	1.61021237652	0.625477126426	291	3.76155925742
2.59271275439	0.96299252306	0.482329344209	292	2.80751769764
2.30530792744	1.77628094552	-0.0235959539629	293	2.91035657726
2.05554205872	0.812469444796	-0.116786092299	294	2.21336819017
2.5486942493	0.039027604171	0.281445795039	295	2.56448382055
2.57825635633	1.03859038697	0.280875646304	296	2.79373709564
3.34559119311	1.43675359901	-0.221780602872	297	3.64779768786
2.86777862016	1.26373540737	0.639474208718	298	3.19845410436
2.64512802709	0.467814798124	1.20244587512	299	2.94303058897
1.93565673889	1.1047577385	1.50403198542	300	2.68874857225
2.77906656925	1.42240104725	1.93734778996	301	3.674200892
2.25595331267	2.27099265452	2.01637186762	302	3.78318496697
2.13945766911	2.46773804607	1.04286274289	303	3.42849425877
2.62151447672	1.60328913959	1.18551379375	304	3.29367836498
1.91915945827	2.00537931788	1.77289860508	305	3.29361331956
1.25861649939	1.32017666934	2.07978674417	306	2.76631430463
0.665247129837	1.74463416452	1.39586523839	307	2.33125328429
0.748263602615	1.04881794483	2.10927119131	308	2.47162749194
0.727714903776	1.2177958122	1.12386557365	309	1.80988105936
0.840447537949	0.778621097619	2.01516626549	310	2.31808066194
0.532329727833	0.0956727045584	1.35286353448	311	1.4569721852
1.12283411627	0.018340420927	0.549542748527	312	1.25023600019
0.922614392796	0.788650478422	-0.055878160967	313	1.21503467596
0.347242855692	0.157710251368	0.464565903439	314	0.601058734945
0.614533122517	-0.801680535211	0.554705971598	315	1.15240676592
0.938162087031	0.108442252708	0.81343518185	316	1.24642874597
1.38804329967	0.771114989627	0.214710087791	317	1.60230551107
0.419187855958	1.004264036	0.131279569624	318	1.09612911556
0.184024580838	0.128887620042	0.5536708153	319	0.597518565961
0.133412473058	0.0746147538925	1.55091344904	320	1.55842830309
0.195363809953	0.524882689109	2.44165517276	321	2.50506463753
0.0485664021933	0.301169343657	3.40519181458	322	3.41882918016
0.497409260936	1.19358603556	3.35901242343	323	3.59930938624
-0.206418021487	0.625425077433	3.78541631902	324	3.84228338822
0.267941928234	0.306670960321	4.60601271855	325	4.62398022469
0.231964099686	0.525687984049	5.58107022412	326	5.61057038515
0.845362562781	-0.114495522879	6.04357147053	327	6.10348287511
1.78552151971	0.189356249995	5.88937926636	328	6.1570066615
2.75880708996	0.178294255399	6.11871053554	329	6.71427017767
3.66915223537	0.247748573241	6.52669069921	330	7.49144505186
4.4011155678	0.846914320032	6.2022988253	331	7.65216262405
4.01409446233	1.397071884	5.46233847586	332	6.92112027251
3.74910167238	2.30964452029	5.15090629261	333	6.77658149772
3.89142505433	1.78942288495	5.99299506767	334	7.36622108654
3.39262644557	2.51148991024	5.51360049231	335	6.94386680152
3.25072519741	1.54808871747	5.28617538916	336	6.39589268446
2.43335378869	1.14937279603	5.70202343135	337	6.30518355774
2.90984369852	0.762003692023	4.91278167936	338	5.7604916288
3.85611480188	0.499604326959	4.72379074794	339	6.11828610635
4.07179094893	0.584041932214	5.69659807234	340	7.02650810205
4.79002762051	1.13717896532	6.1187064781	341	7.85341387993
3.89404014286	0.71278675778	6.24946462921	342	7.39779843926
4.81447462094	1.10007507235	6.19647280945	343	7.92373689106
4.23926537158	0.824650249169	5.42622902581	344	6.93508329905
4.36554403068	1.75892724887	5.09279209312	345	6.93457504497
4.42803734358	0.88583415237	4.60926026305	346	6.45271237808
4.87755321679	0.285135633638	3.94812731929	347	6.28168266005
5.16710130266	-0.299661281608	3.1903843062	348	6.08007276083
4.18556268074	-0.119440629242	3.1263339344	349	5.22562578909
3.95660408593	-0.70142989383	3.90663288849	350	5.60432871219
4.66186432667	0.00577609263434	3.85695708416	351	6.05054793491
4.68409502967	0.944277324635	3.51239760689	352	5.93037459708
4.80955714677	1.93030620562	3.40282432989	353	6.19976898083
4.31671492358	1.80502522517	2.54177193951	354	5.32472988868
5.12478267997	1.93993502896	3.11520532354	355	6.3032729309
5.16501843549	1.19253619745	2.45204918007	356	5.84055675451
4.46317309702	0.883374575492	3.09379072647	357	5.50198198777
4.87222569347	0.301080237874	2.39121740096	358	5.43572931412
4.60368802	0.346274034831	1.42900898349	359	4.83279585412
4.82065458565	1.04059298067	2.115191693	360	5.36615134745
5.1788391517	0.324401450331	1.51621464126	361	5.40597059727
4.37505346719	-0.270360923539	1.50256575839	362	4.63377726353
3.95052035752	0.635046166613	1.50567057719	363	4.27515363653
3.56520207113	1.52966693754	1.73190827166	364	4.24853539578
4.55984289001	1.52383356801	1.62868224199	365	5.0761049802
3.5846750567	1.46322060058	1.41567105672	366	4.12250340557
3.85673149226	0.509980588045	1.54727187119	367	4.18670613334
4.40824160638	-0.0111729324047	2.19860558147	368	4.92611260504
3.52143374351	0.00694393643661	2.6603886403	369	4.41341268698
2.77931116012	0.160309293338	3.31287093011	370	4.32728360451
3.30465208743	-0.0954421023831	4.12441768395	371	5.28589215228
2.95680871752	0.732007031	4.56524976272	372	5.48817433045
3.31684339257	0.197247404219	5.32971504926	373	6.28062251179
2.93522921682	0.248205817608	6.25263100479	374	6.91177047978
3.85105362748	-0.134833747838	6.37323921408	375	7.4476152063
3.40325780962	-0.418346845324	7.22123640103	376	7.9939622817
3.17239986549	0.431465078603	7.69507635669	377	8.3345355693
3.09791516367	-0.314904113969	8.35642729044	378	8.91774186791
3.78918318164	-1.03575712334	8.30623300596	379	9.18826473018
3.83652631471	-0.0603851063388	8.09080771451	380	8.95453795557
3.15805278867	-0.712509565428	8.42904929139	381	9.0293875348
3.41414405571	-1.45185525418	7.80632526305	382	8.64308841936
3.82098676604	-0.694028866403	8.31640189949	383	9.17846155341
3.1247075736	-0.353662130793	8.9483400068	384	9.48481223855
3.67597324301	0.0725301118229	9.66560309247	385	10.341272796
3.76931955397	-0.370128052135	10.5574215808	386	11.2162344443
4.16165728471	-0.984380088873	11.2420861267	387	12.0280046556
3.22817771185	-1.32451016543	11.3557849308	388	11.8797857688
4.01200751643	-1.80107292624	10.9576658878	389	11.807222777
4.27511421097	-1.0458471334	11.5580065153	390	12.3676154675
4.54934425269	-1.67316278901	10.8291217834	391	11.8644799906
4.49039006164	-2.62444355702	10.5264845356	392	11.7413024647
5.46411637191	-2.48670282395	10.3451435221	393	11.960863395
5.72766147031	-3.22914090944	10.9610409733	394	12.78193554
4.75012429576	-3.4173296317	11.0559413273	395	12.5090231941
3.77995436409	-3.59691666337	11.2187872721	396	12.3728352585
2.81353652984	-3.72845927625	10.9980315007	397	11.9488113747
2.1618178256	-3.40114663149	10.3138318492	398	11.0732281713
1.63274339351	-4.0814858367	9.80666441017	399	10.7468620759
2.19614158252	-4.87651527237	10.0314102156	400	11.368053042
2.01969398174	-4.68588652329	9.06573587907	401	10.4030891238
2.10287126311	-4.19261065764	8.19984878468	402	9.44656401912
1.14763584118	-4.40597302235	8.40479216717	403	9.55877595046
1.0018414835	-3.62787685826	7.79380087043	404	8.65497018278
1.9183259186	-3.70431188138	8.186501733	405	9.18807441573
2.90748919822	-3.56169084979	8.15164133142	406	9.35886700105
3.71092271233	-3.80038938146	8.69709307023	407	10.1908456322
3.58311108097	-4.25188318273	7.81402029049	408	9.59041754662
3.17833411423	-5.07485597516	8.21260703152	409	10.1638026921
2.66083896846	-4.25829013783	7.95683563474	410	9.40873701579
2.80596124782	-4.97350916604	7.27316812364	411	9.24706366928
3.77752568515	-5.20803525152	7.24060957096	412	9.68606000611
4.31677858112	-4.5667643288	7.78648310747	413	10.0059598708
5.15304136011	-4.09959122512	8.0735612426	414	10.4183911719
4.92682722007	-5.06889502802	8.16987998703	415	10.8034375207
4.98159985729	-4.81252155174	9.13490464934	416	11.4639951054
5.59609167442	-4.93672732219	9.91398919755	417	12.4086542579
6.03163697345	-4.36452866769	9.21908705172	418	11.8499502589
5.35169896726	-4.77585135338	9.82612737655	419	12.1656161869
4.95480111488	-5.11011890148	8.9712956381	420	11.4519655388
4.63343078645	-4.29953292991	9.46085819252	421	11.3781589902
3.85340932356	-4.91143245768	9.5917989629	422	11.4443671536
4.29474915467	-5.42434201177	10.3281025299	423	12.431333735
4.80646972695	-6.28349382769	10.3285641666	424	13.0101377265
4.75137796019	-7.28156234493	10.3572718682	425	13.5229369316
5.01265024507	-7.13612550875	11.3115176017	426	14.282905174
5.38593494158	-7.66800679195	12.0716234074	427	15.2817117839
4.40396334601	-7.85242936748	12.0301493297	428	15.0259786044
5.02532663059	-7.07204680742	12.1002259201	429	14.8890302273
5.72076925276	-6.35362394731	12.0851211743	430	14.803576997
5.31608218546	-6.1680336531	12.9805454426	431	15.3231827287
5.28589043607	-6.48034552368	12.0310457039	432	14.6520161254
4.70962926739	-6.82659231617	12.7713403913	433	15.2279383331
4.1159219524	-7.3510338309	12.1610349581	434	14.7942314148
4.24727795782	-8.08289830327	12.8297052759	435	15.7471887173
3.25395128655	-7.97607882158	12.7862113398	436	15.4173030316
4.24651457667	-7.96630995097	12.9075484086	437	15.7511836446
4.36597306735	-7.72174495821	11.945302269	438	14.878753722
3.78227942069	-7.62605526962	12.7516180944	439	15.3318661818
3.48560409396	-6.79115350699	13.2152157618	440	15.2614261944
3.52797714968	-5.88595253473	13.6380818446	441	15.2672308036
3.65247183518	-6.77950667572	13.2067327164	442	15.2879053606
4.17737592091	-7.34296089208	12.5687710821	443	15.1440929329
3.32508598874	-6.90978960498	12.8619681277	444	14.9743652064
4.18196322006	-6.80353379889	12.3575168277	445	14.7134330009
5.12118551375	-7.14249626337	12.3030564687	446	15.119755038
4.30218686569	-7.5538447612	12.7030985012	447	15.3927935748
4.81330846215	-8.0955442943	13.3704187613	448	16.3546285077
5.22443040376	-7.80571692435	14.2346981402	449	17.0543402361
4.57221176767	-7.22790563004	13.7440404602	450	16.1878469358
5.24569798389	-7.45022132378	14.4490170902	451	17.0820736442
4.59121613609	-8.02464327884	14.9406398404	452	17.5697718881
4.92290143227	-7.20788719221	15.4127567319	453	17.7127543415
4.67919434907	-8.17043511576	15.5315353177	454	18.1625840415
4.38047503387	-7.21663280369	15.5635965126	455	17.7057585817
3.82355909713	-7.52282504544	14.7915272472	456	17.0294386032
2.96991669061	-7.82230876947	14.3653768737	457	16.624469085
2.05760652869	-8.19034719797	14.1858277618	458	16.509186568
1.6582098706	-7.28307164131	14.3174840331	459	16.148781426
1.94564051998	-6.332944394	14.4384874864	460	15.8858938252
1.03685982662	-6.69017487453	14.654135429	461	16.1424038893
1.78946496578	-6.59110761305	14.003158331	462	15.5799014013
2.69450116594	-6.17014750263	14.0640029021	463	15.5925377783
2.5253775881	-6.88954977078	13.3903133653	464	15.2690510519
3.20229850482	-7.40653108626	13.9142488498	465	16.0847051418
4.12394482868	-7.44798384632	14.3000593245	466	16.6424481676
5.03067861368	-7.82142021702	14.1041534283	467	16.8940665754
4.17543710472	-7.31110916943	14.1944008442	468	16.5035634827
4.97329376216	-7.75315096139	14.604307917	469	17.2664649077
4.8968288485	-8.71570656447	14.344231336	470	17.4842628186
5.48757441627	-9.22381342642	14.9710064879	471	18.4207286056
5.84431741873	-8.48013294813	15.5364034957	472	18.6399714187
5.65580633407	-8.47850461248	16.5184732078	473	19.4096147017
5.26565783868	-8.18867971483	17.392421536	474	19.9318327013
4.9746332584	-7.25042642771	17.2053775228	475	19.3220256479
4.06953293503	-7.34614858676	17.6196608472	476	19.5186947755
3.898665519	-6.48318617571	18.095160798	477	19.6129074878
3.89218769377	-6.85458420845	19.0236119486	478	20.5920436404
3.52455168176	-6.77423310426	18.0971199288	479	19.6422617951
3.97992462266	-6.19539718473	17.420670032	480	18.9130243653
3.28767990746	-5.48027951062	17.5176440824	481	18.6469878771
2.44542090645	-4.94223172877	17.5508759897	482	18.3967112788
1.88457387719	-5.25366473021	16.7837644624	483	17.6874916629
2.66482702132	-4.6672608166	17.0013316501	484	17.8305890105
1.87687228308	-4.1250152336	17.2930456508	485	17.8770195537
1.6575007041	-4.33415233238	16.3400830155	486	16.9861855041
2.04871617351	-3.44059000768	16.119863061	487	16.6097827399
2.15433514543	-3.42447469114	17.114139144	488	17.5858450315
3.10309465984	-3.55503655367	17.4019046456	489	18.030356809
2.3573079694	-3.76341881159	18.0346597696	490	18.5733458219
2.78233901712	-4.47723075914	17.4780440026	491	18.25565742
3.59911402173	-3.96240933576	17.7385003212	492	18.5285915042
3.89973750948	-4.90957614121	17.6266944123	493	18.7086142307
4.013506603	-4.27933037703	16.858679523	494	17.8503775587
3.52053275733	-3.87591840262	17.6295462861	495	18.390698644
4.10455740728	-3.63057210695	16.8557760337	496	17.7241538876
4.20002255132	-3.25508919905	15.9338763688	497	16.7965535531
3.49426732611	-3.73395493783	16.4559847544	498	17.2322882364
2.75006185265	-4.40182981555	16.4660525741	499	17.2646990501
3.06280287136	-3.46600413403	16.628605178	500	17.2599089294
2.33685076268	-3.94162008395	17.1253777659	501	17.7278256985
2.60675542594	-3.94629985842	16.1625020873	502	16.840277021
1.88710129999	-4.1235654366	15.4911788761	503	16.1413000157
1.42274194427	-4.5933968583	16.2419310482	504	16.9388256238
2.11277454556	-3.88811127794	16.0793664171	505	16.6771475368
2.36101873758	-2.93779239035	16.2671663985	506	16.6980758247
2.31798330932	-2.00695437097	15.9042772508	507	16.1971277497
2.89267913437	-2.82450001479	15.8676189784	508	16.3745755655
2.78231496703	-1.85679373655	16.0942559339	509	16.4381882707
3.6245393736	-2.38577371416	15.990149103	510	16.5684661397
4.30536769901	-2.98182696234	16.4158171857	511	17.2309760876
4.97598973772	-2.62773728483	17.0676504324	512	17.9713707989
5.74946571038	-2.52516669909	17.6931216105	513	18.774434083
5.88162135439	-2.26487969439	16.7366773827	514	17.8840576939
5.34371153128	-3.0957798833	16.594347139	515	17.7062549113
5.91064606965	-2.39584195625	17.0287111884	516	18.1838609866
6.24683298917	-1.58117354833	17.5012508591	517	18.6498475548
5.95306543036	-0.639087895917	17.3394632053	518	18.3440564109
6.79664689388	-0.311665888918	16.9138282165	519	18.2309936526
7.37353208685	-0.765988987677	17.5926463041	520	19.0907547925
6.76825844343	-0.118260771812	18.0553470443	521	19.2826052404
7.51083563024	-0.786929346356	18.0935760783	522	19.6063613392
7.21872852058	-0.45324997273	17.1972884503	523	18.6564253552
7.00358228155	-0.112046499689	18.1123252178	524	19.4195531356
7.0325084518	0.521488156045	17.3391518112	525	18.7182881309
7.08416012502	0.980505760343	16.4522273817	526	17.9394119759
6.26693585319	0.415305424427	16.5648909064	527	17.7156025674
6.98644351186	0.599972656497	17.2343733502	528	18.6062888537
6.99129895112	-0.376196170933	17.0174151859	529	18.4014185375
7.35321275046	-1.29697131207	16.8718420383	530	18.4502283482
7.2694881157	-0.476140602229	16.3068401521	531	17.8601568606
7.19355564086	-1.45474314111	16.4980764723	532	18.0568559736
7.45483529441	-0.97684054653	15.6594215655	533	17.3708454166
7.90990835013	-0.328076732312	15.049492039	534	17.004749192
7.52801965612	-1.2423402282	15.1847077388	535	16.9938176493
8.41126707946	-0.898583933565	15.5036208916	536	17.6612323386
7.77607397092	-1.03108552989	14.7427181108	537	16.6996467348
7.37435460694	-0.312730615689	14.1747500045	538	15.9813154651
6.98503213398	0.293118719895	13.4809383624	539	15.1859241282
6.40702751965	0.776959241482	14.1380601285	540	15.5415060885
6.38230420683	1.6730377628	13.6948535836	541	15.2013774712
6.35119460042	1.1192732143	14.526945536	542	15.8941055737
6.00479477229	2.00154729296	14.2081986001	543	15.5543132051
6.7222517419	2.22179795622	14.8690655625	544	16.4685811575
7.12998355606	1.3667528476	15.1894600537	545	16.835212371
7.46105567565	1.44353492762	16.1299364031	546	17.8304793332
7.02702370534	1.78693707625	16.962817675	547	18.4474765143
7.44975199078	1.75110893514	17.8683656533	548	19.4382015204
6.87250011581	2.19878333946	17.1854543116	549	18.6388236193
7.30111907893	2.80458068108	17.8557492954	550	19.4935834444
7.22845937512	3.70335528649	17.4234013151	551	19.2234330624
6.73151685033	4.14105707791	16.6740914534	552	18.4522897935
5.93292415152	3.6138092472	16.9643661964	553	18.3316373166
6.78266755201	3.72113673193	17.480522146	554	19.1159643282
6.84968265709	3.09507453124	18.257410231	555	19.7441299428
7.57878809758	2.4497866841	18.4854647222	556	20.1283851767
6.88099743049	2.71775470492	17.8211746314	557	19.2958177209
6.79069051368	3.69652534955	18.0051656257	558	19.5949934045
7.29594893021	3.8716026016	18.8501874529	559	20.580324208
7.32254762931	2.89915373867	19.0817813176	560	20.643138677
7.47929881941	2.21779050006	18.3668175413	561	19.9549114788
7.71654461939	2.88357081682	19.0742431559	562	20.777073747
8.17548938595	2.67818071899	18.2098447472	563	20.1397548242
8.25370885905	2.2820934846	17.2949695553	564	19.2989023657
8.6369563575	2.75288548077	16.5003147552	565	18.8264648995
9.23784656148	3.02444366693	17.2521040304	566	19.8020241911
10.177028303	2.69941936174	17.1412128337	567	20.1166584546
10.7948245194	2.65295134227	16.3562487847	568	19.776078012
11.4656211621	2.8026939847	15.6298817941	569	19.5859328882
10.6270082195	2.40292583846	15.9999003904	570	19.3572768949
11.3999947171	2.5355342378	15.3794917454	571	19.311074019
11.9179392229	3.34100546239	15.6675014593	572	19.9667271929
11.5804444975	4.20043263425	16.0515356331	573	20.2336878807
11.330836036	4.36814223584	17.0052489577	574	20.8961002099
11.6507363969	4.86932301142	16.2012081693	575	20.5409131084
10.7351541808	5.22662592138	16.3857178875	576	20.2744396839
9.86967150728	4.73187849131	16.4642336327	577	19.7704850429
9.10360979609	5.35278317956	16.2980204481	578	19.4204394804
9.21585641538	4.95549050748	15.3872190267	579	18.6079393006
8.21904888441	5.00726616426	15.3264405143	580	18.097658905
7.61484836953	5.80402119476	15.3375382255	581	18.0807261065
8.21143821121	6.29974251533	15.9686807871	582	19.0292732215
9.15931185882	6.61253454236	15.9078803266	583	19.5110036463
8.91358531588	6.65142515891	16.8764390424	584	20.2115722936
8.19467137185	7.3453246194	16.8356189517	585	20.113291579
7.77288132598	7.84871078393	16.0814999116	586	19.5098586485
8.56119633	8.44325803498	16.2398445381	587	20.2068117096
9.07009152308	8.08758067939	15.4559317233	588	19.6611634172
9.3089205142	9.05534760204	15.3760074064	589	20.1265229261
10.19385586	8.98101649501	15.8357511615	590	20.8649076065
9.32677476684	8.48678300226	15.8982302184	591	20.292065872
8.60174979193	8.72529940184	16.5443329291	592	20.5872752254
8.96249680676	8.90121822758	17.4602555012	593	21.5503725516
8.51245134503	8.14773947369	16.9809551259	594	20.6688249163
9.37192061479	7.85413669994	17.3994165764	595	21.2664067607
9.662919843	8.47778745627	16.6738966364	596	21.0538293212
9.9814409163	8.35420114727	17.6137214872	597	21.9012562243
9.27866647951	8.31199932819	16.9035615774	598	20.9979374813
9.04159036651	8.25924260179	17.8736191244	599	21.6663726847
9.10895291583	9.04218651531	18.4920535309	600	22.5097801853
8.55405479761	8.54613284184	19.159899944	601	22.6563458195
8.56499776263	9.32261082235	19.789949305	602	23.4928149168
8.42804542904	9.72401416705	18.8843448587	603	22.851846359
9.35420084603	9.72069514519	18.5072173899	604	22.9021851161
9.66420472624	8.8834671034	18.9577135612	605	23.0587888718
9.33888842273	9.43604753196	18.1903647665	606	22.519840149
10.1048802242	8.85105768766	17.9238250093	607	22.3989582235
10.0316710522	8.71378416827	18.9116490817	608	23.1130900059
9.39678592505	8.49913034402	19.6538381486	609	23.3839294452
9.53549804335	7.73823753245	20.2877159582	610	23.7149206586
10.3711264334	8.28240407593	20.2128295995	611	24.1809214297
10.8172983512	8.88887482211	19.5547081412	612	24.0502110118
10.6762816937	8.36799559119	20.3966102312	613	24.4954699882
10.1178425291	7.8621657253	19.7391287895	614	23.5333294011
10.2043003375	8.37683278779	20.5921486381	615	24.4609006062
10.0450929751	9.20032582203	20.0476192649	616	24.2375107282
9.64083450374	9.1677804033	19.1335536851	617	23.3042220225
10.4236775226	9.74658540146	19.3618989981	618	24.0526945038
10.8512955607	9.70767267899	18.4587774041	619	23.5099125358
11.07665289	9.19738305639	19.2887283515	620	24.0694647998
11.2457894007	10.1537640703	19.0505515329	621	24.3411219492
10.4403643737	9.63939907135	18.7560703387	622	23.5310305185
10.2845962678	10.353885079	19.4381598065	623	24.3067462504
11.0575465714	9.86705624041	19.0312869638	624	24.1209041814
11.1245806159	10.8053539289	18.6920173297	625	24.2879286738
10.5592469856	10.4046921812	17.970998571	626	23.2961822178
11.2004837991	9.65163110749	18.1183565307	627	23.3854583821
12.1009923795	9.37000809992	17.7870367785	628	23.4650750205
12.1877584781	9.66614085566	16.8358390939	629	22.9220682697
11.5380464301	10.045320394	17.4946995741	630	23.2400406719
11.6956416891	9.34456751624	16.7989200554	631	22.5013931038
10.8002947135	9.69483959025	17.0739896238	632	22.4088688303
11.7815981457	9.50450991503	17.045385628	633	22.7966430599
12.3634141537	8.7452339157	17.3369162262	634	23.019595783
12.0699178058	8.01827651989	17.957716386	635	23.0749919174
11.2287403601	7.47874588045	17.9212857141	636	22.4318686619
11.6043387334	8.14988525157	18.5604240453	637	23.3574537952
11.7593775794	9.03817875982	18.1281074953	638	23.4222099237
11.7908585854	10.0169751312	17.9257053962	639	23.6790002093
12.5789657489	9.61765729634	17.4572693113	640	23.5687497121
12.831670834	9.41023318295	18.4023171287	641	24.3279580042
12.670655962	10.3030782675	17.9817200935	642	24.2907637141
12.5775829613	11.1760399121	17.502893002	643	24.2786063171
12.8618890151	10.4951250994	16.8279670167	644	23.6380268594
12.1103168779	11.1038977497	17.0820047751	645	23.7012912571
11.2240148657	11.5022838306	17.3181345567	646	23.6262317679
10.8657119381	10.6671964027	17.7355647901	647	23.3752654196
9.96996824743	10.4310577502	17.3588928142	648	22.5729571031
10.7704347335	11.0294617337	17.3930406865	649	23.2415394242
10.1816847159	11.6804165579	16.913842154	650	22.9385459659
10.5870439333	11.0344778774	16.266967262	651	22.3262048987
10.68861459	10.5344100599	17.1269763199	652	22.7717718903
11.6389152739	10.5381033563	17.4382880122	653	23.4650774534
10.713234933	10.6720743678	17.0844975734	654	22.8154910396
10.8929863493	10.3719367536	18.0213042989	655	23.4734239569
10.4411269386	9.48745740675	18.1375770729	656	22.9782654234
9.76829016103	9.1624508627	18.8021531913	657	23.0844311845
10.162357071	8.27978437238	18.5460064807	658	22.710849541
9.87967523655	7.94331388567	17.6477422701	659	21.7289444175
10.3577689712	8.06350421361	16.7776959116	660	21.3024542803
10.102382535	7.73015063909	17.6852493054	661	21.7848893681
9.1723352174	7.37748896087	17.5820905556	662	21.1586621745
9.00069600379	8.22664561274	17.0826178727	663	20.9882362283
8.9448385253	8.23821569725	16.0842461608	664	20.1638614526
8.60904223062	9.17858347988	16.0299388697	665	20.379424501
7.63270286248	9.3915567578	15.9924712691	666	20.0553890168
8.60930211158	9.48562410888	16.1858756126	667	20.6416984992
9.23325632273	10.2058016696	15.8825186884	668	21.0158466383
9.31282875676	10.1758406045	14.886139964	669	20.294671086
10.039269372	10.6130170542	15.41638593	670	21.2388327283
9.88765750923	11.3204269141	16.1067373863	671	22.0305430203
9.73506148335	10.8705449671	16.9866923207	672	22.3939252023
8.76416377038	10.6310945376	16.991288267	673	21.8754340444
7.88738979706	10.8853290306	17.3994943697	674	21.9873534159
7.09787644474	10.6292843661	16.8417221973	675	21.1424961329
7.8105187003	10.1267875164	16.3521939227	676	20.7593418454
6.97846434061	10.6647297638	16.4874850197	677	20.8392079448
6.32339721483	11.3941902807	16.2905728184	678	20.8613443297
7.29815654547	11.2290190609	16.1403639123	679	20.9729660576
6.73915480775	11.0366142276	15.3338296989	680	20.0586488669
7.695000657	10.7876293699	15.177735967	681	20.1481922668
7.55447155509	10.624999214	16.1543643528	682	20.7587123015
8.24005157096	10.2697473506	15.5189305204	683	20.3519867589
9.08650335307	10.7420140147	15.7648646142	684	21.1302239596
9.60911686507	10.2057430391	15.1020761429	685	20.6049756547
9.01128060948	9.62317739069	15.6527203808	686	20.4650037048
8.6888523437	10.5548950173	15.8198798187	687	20.9086240904
8.61247821422	9.62632944716	16.1831056084	688	20.7058906292
7.63882298158	9.64667532643	16.4102212907	689	20.511102462
7.49948282964	10.6344340509	16.3400997938	690	20.8885684423
7.38320870977	11.5247869783	16.7802724801	691	21.6543305196
7.95245220184	12.2089543522	17.2362076193	692	22.5696015803
8.01792820517	12.1356035482	16.2410530823	693	21.8021065818
8.75423813815	12.3749811943	16.8739401379	694	22.6827401501
7.91509328558	12.0264789178	17.291530942	695	22.5007097487
8.10018118883	12.6134925806	18.079666354	696	23.4858992982
7.93858157908	12.2861367323	19.0106463294	697	23.9869736973
8.12582694747	11.9014618564	19.9145071659	698	24.5817300766
8.03503995341	10.9352829824	20.1558701812	699	24.2981765513
8.71636473079	11.0723442767	20.8749047766	700	25.1859776728
7.9842533132	10.4262703064	21.0907781124	701	24.8450464853
8.46320567453	9.67355914875	21.5424755208	702	25.0854907956
8.69351688862	8.82585489429	21.0646112705	703	24.4374875649
8.25802319768	7.98842071101	21.394837305	704	24.2847457449
8.2961532818	8.92503527366	21.7431177347	705	24.9247985496
8.99068605024	8.76869230456	22.4453862799	706	25.719987668
8.63104885528	9.69942656721	22.5116797211	707	25.9874893735
9.24454824091	9.13808142577	21.9562428336	708	25.515540435
9.51163989092	9.92271952496	21.396774243	709	25.4313508134
9.71033886035	9.17163692967	20.7671762327	710	24.6918045803
9.83357671074	8.38016248252	20.1685272272	711	23.9519486613
9.04438148674	8.08925213282	19.6276556465	712	23.0755650575
8.28378295151	8.04790312958	18.9797512337	713	22.2175777632
8.48544612059	7.06999293442	18.924763813	714	21.9119666241
9.11187249375	7.24163236814	19.685112354	715	22.8685615658
8.49309932524	6.48914168743	19.4595518491	716	22.2017083612
7.68673737793	7.0432637397	19.2528415176	717	21.8944148615
8.12819725997	6.49642631266	19.9642359237	718	22.5131486369
8.39054853008	7.38750162515	20.3345825161	719	23.2049936652
8.72271430468	6.5817057107	20.8248465699	720	23.5176280599
9.05117669782	6.72157468534	21.7589499508	721	24.5062291842
9.25000870716	6.09757666435	22.5146564427	722	25.0928845889
8.66379382882	6.72559603843	22.0028520053	723	24.5849641437
9.55203786097	7.18195101148	22.0554131879	724	25.085117072
8.87711163188	7.07544804428	21.3252545043	725	24.1584675761
7.90863644773	7.294770367	21.4433795924	726	23.9912220096
7.78086011722	6.76476123021	22.2816895138	727	24.5515267601
8.47508959987	7.44385709257	22.5201727106	728	25.1872255529
8.76031107064	7.04655261103	23.3924099842	729	25.9538397665
9.60669271308	7.3903655353	23.7991418227	730	26.7077741328
8.8867812244	7.57729206076	24.4675622911	731	27.1118394797
8.9691219152	7.42919992227	25.4531021072	732	27.9910443945
8.76200643349	7.21819281478	26.4083922086	733	28.74505598
8.45222603487	6.64816954951	27.1693847064	734	29.2200915232
9.41334366933	6.39888881958	27.0505907233	735	29.3477644062
8.90628760967	6.02193677476	26.2754769844	736	28.3898991238
8.1648903804	6.53020160974	25.8373023548	737	27.8724803518
8.42783959793	6.70923194521	24.8892486391	738	27.1204161362
7.81207719012	6.82999016839	24.1106254255	739	26.2488013847
8.11038633426	6.2688179071	23.3385520173	740	25.4904777261
8.23171921045	7.26122340102	23.3183117407	741	25.7726643729
9.13900989327	6.84074285926	23.322753685	742	25.966672951
10.0008529429	7.17801451726	22.9439735554	743	26.0377970363
9.27432511378	6.51848814174	22.7511464993	744	25.4188603403
9.14686951936	6.34477142986	21.7746335319	745	24.4551837439
9.27928313348	6.86077164068	22.6209256902	746	25.3945183467
8.94185367593	5.93185960518	22.7734504144	747	25.1748634418
7.99895267422	6.18269450166	22.5543167664	748	24.7165159354
7.22656774325	6.81615359686	22.6006966449	749	24.6875417982
6.81325303191	7.72583733796	22.6412729997	750	24.8744089879
6.07521795976	7.06396935466	22.7725551575	751	24.6048207615
5.92087906669	6.68092307858	23.6832993897	752	25.3098836838
5.24553270237	6.37608032771	23.0117502959	753	24.4481219188
4.77183775664	5.5363179033	23.2771032098	754	24.3976389296
5.43474924153	5.47992017273	24.0236738087	755	25.2329730251
5.53909659166	5.80035899634	23.0821693792	756	24.4358813794
5.49947886724	6.14779149824	24.019037082	757	25.3959396452
4.92107642483	5.35942501138	24.228629298	758	25.2975672208
4.7437341058	4.70339720354	23.4950236701	759	24.4262378556
4.33680839238	4.33726142923	22.658150885	760	23.4736351097
3.65455288574	4.24681515835	23.3836485733	761	24.0455030387
4.11578410913	3.36971062086	23.51763883	762	24.1116976723
4.79533257582	2.69267178858	23.8001849342	763	24.4273309794
4.10418610019	2.67181696728	24.5225986838	764	25.0068149843
4.45356718305	2.97342356998	25.4097099035	765	25.967842917
4.00681382363	2.63453579983	24.5817204621	766	25.0450856811
3.13588751935	2.83328142513	25.0311507114	767	25.3854245602
2.46284083414	2.50523256449	25.6940172926	768	25.9330734741
1.62133829239	2.54776469679	26.2325936474	769	26.4058480697
1.4220621943	3.36682813129	25.6946121171	770	25.9532441979
2.20008831783	3.22956197092	26.3076646045	771	26.5963094446
1.81044664529	3.76983040782	25.561816508	772	25.9016563475
2.68816918794	4.24829392058	25.5358202567	773	26.0259941405
2.90480013365	5.02971038372	26.1210205169	774	26.7589903248
2.65681720759	4.45708001205	25.3396122204	775	25.8654245546
1.89252813306	3.90650127856	25.6753580599	776	26.0397086481
1.53081678118	4.52732500479	26.3708742703	777	26.8004306215
0.678809637353	4.2377365606	25.9347293863	778	26.2874377226
-0.220125417158	3.83234640762	25.7686733968	779	26.0530202245
-0.733257328496	4.31150086426	25.0565591867	780	25.4353664076
-0.282445690331	4.62615580385	25.8918801645	781	26.3034323148
-0.976678056336	4.27517839785	25.2635042559	782	25.6412889233
-0.657474122883	3.916606531	24.3862727784	783	24.7075368858
-1.36205461411	3.48688222059	24.9509880592	784	25.2302466401
-0.737065193312	2.74932609717	25.20672071	785	25.3669238979
-1.48912235885	2.83271856817	25.8605216855	786	26.057788888
-0.504196596511	2.83144330855	26.0334945631	787	26.1918713456
0.0043060922854	1.99285083662	25.8380778763	788	25.9148170231
-0.0753877981155	1.68742165049	26.7869518911	789	26.8401540004
0.803070428767	1.99512463768	26.4213974967	790	26.5087851497
1.1708922481	2.58510182798	25.702624915	791	25.8588218533
1.59769966854	2.44368290722	26.5958416383	792	26.7556166595
2.06017047997	2.29336797953	27.4696414844	793	27.642088242
2.19241052011	3.23361597216	27.7834029928	794	28.0567356976
1.61987621434	2.42687329619	27.9295902819	795	28.0815905222
1.32914344145	1.66957956978	28.5143814127	796	28.5941264174
1.84821717204	0.87204212429	28.2069786065	797	28.280912402
2.3691875087	1.60423053222	27.7682417337	798	27.9152620269
2.09543274427	1.99869875127	28.6454265221	799	28.791423996
2.49121092126	2.78929537938	28.1781828959	800	28.4252755815
1.83109140912	2.39365910274	27.5396579032	801	27.7040657138
2.28223671783	1.5177051334	27.7104576515	802	27.8456728517
2.09638290914	2.09689340848	28.5041826063	803	28.657986833
1.72991041018	2.51357836378	27.6722742246	804	27.8399968925
1.21936575154	2.33771899525	26.8305987324	805	26.9598370039
1.91210232148	2.65611062028	26.1834953267	806	26.3872409781
1.10416942253	2.7644083788	26.7627327791	807	26.9277739444
0.794038704633	1.92928871067	26.3084266293	808	26.3910205203
1.36611811097	1.44703909122	26.9718725257	809	27.0451864176
0.983355440255	2.33949169605	26.7330816422	810	26.8532654142
1.10749375686	1.54085214082	26.1442144762	811	26.2129875886
1.05019561732	1.74729148561	27.1209947586	812	27.1975053096
0.542953211316	0.983522935326	27.5201973928	813	27.5431185615
1.12462788428	0.516562592052	26.8541623992	814	26.8826647294
1.57166082171	1.39496414438	27.0231957265	815	27.1047809432
2.46305838811	1.15613041962	26.6380089789	816	26.776609504
2.88018255634	1.71858669462	25.9241109701	817	26.1401706455
3.77754631957	1.7706320779	26.3623227391	818	26.6903925478
3.54279780532	2.2614514625	27.2013635407	819	27.52416679
4.1242265104	1.97969704425	27.9646165189	820	28.3363410084
3.64467451224	2.70524945926	27.471054391	821	27.8435065372
3.66368745752	3.57983614754	26.9865581241	822	27.4683845906
3.93844274643	4.53072712369	26.8440243292	823	27.5070983879
2.97424064309	4.61887661196	26.5939364014	824	27.1554337451
2.7489293907	5.40470015757	27.1698844848	825	27.8382833433
2.69646826455	6.37309966158	26.9260603045	826	27.8010802654
2.52508444057	5.90902003602	27.7951159334	827	28.5282498406
1.58998994558	5.83442157547	28.1415742355	828	28.7839667801
0.97330047061	5.60362188439	27.388961723	829	27.9732571627
0.429291297949	5.6219551564	26.550082762	830	27.1421731898
-0.269447385609	4.90841277329	26.6012835393	831	27.0516802396
-0.798206466863	5.74943446225	26.4868442423	832	27.1154208545
-0.456418859665	6.66297579771	26.2663369636	833	27.1021036479
-0.635208670314	7.59372648812	26.5852999018	834	27.6558554903
-0.176117860704	6.72793459937	26.3862018508	835	27.2310075022
0.395706589637	6.52372468638	25.5916484483	836	26.4130278043
0.69540492544	5.64317279182	25.9588122653	837	26.5742153486
0.817272529569	4.65119632664	25.9251822252	838	26.3517861836
0.625738928742	4.4163271733	26.8781519837	839	27.2457436853
0.0105528224467	4.6375948818	27.6348465428	840	28.0212801473
0.00101099343859	4.1329686644	28.4981317415	841	28.7962661426
-0.932232110178	4.45918123097	28.6486065598	842	29.0085506666
-0.640594974128	4.25004075895	29.58199182	843	29.8925985557
-0.00331834055083	4.00204263258	28.8523512087	844	29.1285860713
0.324870585898	4.53782276287	29.6303175837	845	29.9775432021
-0.288741154812	5.32511122573	29.5698402498	846	30.0468905782
