1
1, 2
2, 3, 5
5, 7, 10, 15
15, 20, 27, 37, 52
52, 67, 87, 114, 151, 203
203, 255, 322, 409, 523, 674, 877
877, 1080, 1335, 1657, 2066, 2589, 3263, 4140
4140, 5017, 6097, 7432, 9089, 11155, 13744, 17007, 21147
21147, 25287, 30304, 36401, 43833, 52922, 64077, 77821, 94828, 115975
115975, 137122, 162409, 192713, 229114, 272947, 325869, 389946, 467767, 562595, 678570
678570, 794545, 931667, 1094076, 1286789, 1515903, 1788850, 2114719, 2504665, 2972432, 3535027, 4213597
4213597, 4892167, 5686712, 6618379, 7712455, 8999244, 10515147, 12303997, 14418716, 16923381, 19895813, 23430840, 27644437
27644437, 31858034, 36750201, 42436913, 49055292, 56767747, 65766991, 76282138, 88586135, 103004851, 119928232, 139824045, 163254885, 190899322
190899322, 218543759, 250401793, 287151994, 329588907, 378644199, 435411946, 501178937, 577461075, 666047210, 769052061, 888980293, 1028804338, 1192059223, 1382958545
1382958545, 1573857867, 1792401626, 2042803419, 2329955413, 2659544320, 3038188519, 3473600465, 3974779402, 4552240477, 5218287687, 5987339748, 6876320041, 7905124379, 9097183602, 10480142147
10480142147, 11863100692, 13436958559, 15229360185, 17272163604, 19602119017, 22261663337, 25299851856, 28773452321, 32748231723, 37300472200, 42518759887, 48506099635, 55382419676, 63287544055, 72384727657, 82864869804
82864869804, 93345011951, 105208112643, 118645071202, 133874431387, 151146594991, 170748714008, 193010377345, 218310229201, 247083681522, 279831913245, 317132385445, 359651145332, 408157244967, 463539664643, 526827208698, 599211936355, 682076806159
682076806159, 764941675963, 858286687914, 963494800557, 1082139871759, 1216014303146, 1367160898137, 1537909612145, 1730919989490, 1949230218691, 2196313900213, 2476145813458, 2793278198903, 3152929344235, 3561086589202, 4024626253845, 4551453462543, 5150665398898, 5832742205057
5832742205057, 6514819011216, 7279760687179, 8138047375093, 9101542175650, 10183682047409, 11399696350555, 12766857248692, 14304766860837, 16035686850327, 17984917069018, 20181230969231, 22657376782689, 25450654981592, 28603584325827, 32164670915029, 36189297168874, 40740750631417, 45891416030315, 51724158235372
