-9.98820838563 6.53057100965
-9.98336936082 6.14430076783
-9.97962446343 6.19466598944
-9.96618358712 6.4319631912
-9.96039840535 5.96107257926
-9.89487571214 5.76197506699
-9.88957068978 5.8940383207
-9.85803227847 5.79441720515
-9.85043118698 5.98483114258
-9.81247483762 6.45720204712
-9.7800298861 6.10808358908
-9.77049664143 6.08927653166
-9.76674426308 5.23071938805
-9.67970253576 6.06345839133
-9.66742978615 5.80110307511
-9.65507824185 6.39580695691
-9.58013456186 6.22049324936
-9.57718978808 5.84126060665
-9.57279063766 5.40435557367
-9.55388598738 5.86156795292
-9.52937152386 6.13320219108
-9.52359535274 6.41670486388
-9.51135165702 5.79512813961
-9.50727490741 6.11012133705
-9.43757605547 5.92409611619
-9.42629428548 6.09323983019
-9.41898032613 5.63934527895
-9.35625841302 6.5846061812
-9.2686371975 5.1452497401
-9.20376799055 6.17771995485
-9.13621182008 5.65388166665
-9.13529432231 6.16982439314
-9.1189125374 6.23045921111
-9.09670259795 6.13572381588
-9.03770180408 6.36560131701
-9.0116431592 5.60021412172
-8.97755017668 5.69323971887
-8.87433765011 5.8719723899
-8.84683980178 6.49358288116
-8.82276353998 5.73208535117
-8.78181262724 5.45872954148
-8.75466785475 5.69482658849
-8.7321991615 5.68192045531
-8.71304378458 5.48548235472
-8.6882316508 6.26741755649
-8.63700563211 5.61019968223
-8.59562737921 6.27543133227
-8.58093117308 6.26305285776
-8.57385776466 5.55705726114
-8.55130781358 5.93642178631
-8.54578742526 6.21898997467
-8.49953217798 5.80117965444
-8.4786502513 6.18439657744
-8.42578803144 6.04312484167
-8.40269671659 5.8601692717
-8.3475244872 5.93563764736
-8.30176679258 6.02443461543
-8.20844911225 5.96125862813
-8.18603579732 5.9447380906
-8.1785109527 6.12479147972
-8.14124271219 5.94094804938
-8.13295819034 6.5717128411
-8.11471458216 6.19041125493
-8.08102223991 5.1839740093
-8.08080976611 5.79690825951
-8.04141355663 5.94232349545
-8.03658575318 5.74754849336
-8.00705070718 5.35073909623
-7.99691287732 5.75079112931
-7.9405855335 5.43936061091
-7.92884621105 5.59504739919
-7.91945041274 6.01578710426
-7.91942998008 5.82606463022
-7.86333256578 6.16796582921
-7.81132194649 5.96895946558
-7.78800337003 5.24199380417
-7.76650525398 5.83632536317
-7.68361441082 5.29300829345
-7.64903381215 6.14469604249
-7.55403735524 5.83372714739
-7.41737982538 6.1981474341
-7.36485614045 5.88843038346
-7.27327332583 5.99941401562
-7.26963380668 5.90817367966
-7.26626584408 6.29286902596
-7.2611947669 5.41803345828
-7.25907886574 5.42530868903
-7.25801092852 5.61053096955
-7.24119385432 5.38357527774
-7.23141506204 5.09764829546
-7.22693172805 6.17052096005
-7.22518285512 5.46607698587
-7.16640748268 5.65834106691
-7.16547230185 5.99317924115
-7.1137308901 5.48398690479
-7.10435422987 5.91651631825
-7.07431249863 5.21978235631
-7.04362836104 5.75504227216
-7.0316706525 5.69840138868
-7.02669852661 5.80770718487
-7.02611447764 5.55130846924
-6.9689441263 5.75506871851
-6.96731329857 5.52778622803
-6.95553998542 5.76035833143
-6.95154797293 5.79991324208
-6.92292219586 5.42136740973
-6.91979313763 5.42072311252
-6.91228869969 5.43809805434
-6.90064320145 5.4346878057
-6.8911827594 5.61014825197
-6.83075886944 5.21003504792
-6.82709881858 5.66786270033
-6.81954951449 5.6376280312
-6.77920111275 5.36192579673
-6.75322021493 5.52108989125
-6.7500364626 5.36230223107
-6.70348997425 6.03175871172
-6.65764795106 5.80399628726
-6.64146100136 5.38595124274
-6.6345160145 5.12780871895
-6.62985857199 5.72962652675
-6.62568734971 5.73935952737
-6.60045775436 5.20609493938
-6.58560953816 6.40433314981
-6.54525202395 6.01579652305
-6.52571365878 6.07682068505
-6.52341195142 5.3670047188
-6.49057036442 5.50182551273
-6.46650549936 5.85974657035
-6.4604897224 5.41863502605
-6.46021755251 6.26391034038
-6.43707121464 5.5115435419
-6.4231816606 5.7136073387
-6.33559734952 5.74603310956
-6.31567530736 6.61347741257
-6.30662020422 5.72094070849
-6.28506072763 5.59993051292
-6.27095886273 5.68816212469
-6.27007147727 5.76137275965
-6.17024392269 5.49898483213
-6.16762321334 5.93501762863
-6.15887515848 5.69299675382
-6.14017833636 4.99412518483
-6.10816730967 6.28894457315
-6.09882053656 5.48660598065
-6.04961717425 5.52956655802
-6.0308477692 5.88205782587
-6.01023970152 5.14453715296
-5.93362325296 5.87560440752
-5.93207809713 5.80337305009
-5.89131735839 5.38840196424
-5.87814789243 5.80196587314
-5.86795803618 5.78967332398
-5.847363824 5.72198607709
-5.72663618855 5.67095868057
-5.70193618033 6.12983561524
-5.66010142226 5.81695792713
-5.65912376361 6.04961119805
-5.65636367478 5.01348729586
-5.64931596534 5.71145729667
-5.60848051376 5.99488442854
-5.53685071682 5.70996140265
-5.51100144402 5.5387916666
-5.4992530283 5.34433827449
-5.41491237417 5.28739812379
-5.41405887379 5.54851781195
-5.3976329639 5.78450791806
-5.37914234696 5.23355871018
-5.37682923475 5.09061725087
-5.36750064902 5.64053930082
-5.35704150031 5.79721646358
-5.32879533358 5.32643809172
-5.31104230197 5.93922912264
-5.29182877566 5.85456731789
-5.28677595762 5.06061510147
-5.15295939534 5.74835028994
-5.11306957117 5.13279888055
-5.10898705262 6.05320917765
-5.10244728232 5.40889477384
-5.09652662521 5.65975411929
-5.07174713683 5.13149245467
-5.06775754636 5.57969847444
-5.05995552786 5.76411805142
-4.97661427439 5.35070923779
-4.96284589487 4.99850252604
-4.9069983967 5.43432765586
-4.88529352999 5.44191488611
-4.88301309344 5.28447082116
-4.86899748617 5.72018878651
-4.84458224454 5.49147101214
-4.80762372211 5.28714884568
-4.75026476362 5.41578245343
-4.74974825999 5.88991933536
-4.72334469261 5.5581789245
-4.71999061695 5.60395206351
-4.69016477763 5.65357721558
-4.62996795442 5.37017442213
-4.60141956501 5.72846170875
-4.53180403228 5.72803783673
-4.52482865779 5.48027120929
-4.50988181757 5.43648585973
-4.50760188176 5.14332224595
-4.50048214004 5.89794705569
-4.47360852916 5.57042038147
-4.32916851223 5.03927003355
-4.29579597938 5.22417978587
-4.29245997894 5.53948305524
-4.14545323849 5.43851491285
-4.04601903278 4.79433030323
-3.91341788754 5.45058374188
-3.90892426547 5.49120679207
-3.8254462128 5.3398004824
-3.75723031358 5.30341671575
-3.7561913904 5.41901340223
-3.75309798725 5.74426790715
-3.72890175193 4.82574364048
-3.62247173638 5.59972356662
-3.60440778198 4.85955037601
-3.5538543235 5.33907837206
-3.51321837049 5.8440014576
-3.49981429188 4.80063830056
-3.49525862215 5.5259156084
-3.47452765553 4.66747503431
-3.47360722081 5.56001084092
-3.46978853394 5.64294472991
-3.42462798709 5.08361858861
-3.4214506642 5.40904764729
-3.4130214258 5.50124226966
-3.39104941785 5.35853820973
-3.38122999062 5.16655348977
-3.37728443757 5.43021704363
-3.3754408413 5.40487836217
-3.35126389457 5.40985429205
-3.34863581049 5.05093991438
-3.32602565673 5.02642057709
-3.31396774951 5.24220810577
-3.30781271976 5.10163839754
-3.30375521074 5.45648726304
-3.29985887438 5.76116402288
-3.27756533799 5.21238320299
-3.22986291257 5.56609656823
-3.22954706303 5.59017853898
-3.17174276836 5.60733511228
-3.09077522842 5.36468319409
-3.06562924294 5.479889951
-3.0452883645 5.28821561401
-2.9474898384 5.20191672936
-2.94063632203 5.59603818409
-2.93979248074 5.28523607673
-2.92972002642 5.23243220791
-2.86989606918 5.40260835937
-2.81965435737 5.01986178394
-2.8149818985 5.5923820271
-2.78927167869 5.09255542383
-2.71592662944 5.21895884489
-2.70497146491 5.45079097675
-2.69135634471 5.00896859266
-2.62083702886 5.67509613152
-2.54303226221 5.72203430309
-2.52587647581 5.42638049846
-2.47379356225 5.67811474608
-2.40232715856 5.8012616179
-2.39118514252 5.6003787375
-2.36510291173 5.64216094304
-2.34391446328 5.05012215711
-2.34245495825 5.23462459186
-2.29147066248 5.49035286826
-2.25283436025 5.1971990293
-2.25022043332 4.39586852204
-2.22965039996 5.22402854118
-2.22533032978 5.37902599151
-2.21154397401 5.60814617373
-2.17206009761 5.41270675967
-2.16968929452 5.31903682416
-2.11604638692 5.12841467043
-2.10740774331 5.11453354121
-2.09573839673 5.5786793274
-2.03624568662 5.16551461882
-2.02277937367 5.25505182972
-1.98170543237 5.86049734252
-1.95824397863 5.64717677707
-1.92598549286 5.05668604577
-1.91923635927 5.35297607625
-1.91389622752 5.88057098937
-1.89600265978 5.58580443234
-1.85142664769 5.52241794856
-1.84960684962 5.44338732413
-1.83902719279 5.29750455234
-1.75067649986 5.49142277752
-1.74124272112 5.43852315507
-1.73884551054 5.28316358842
-1.71452104659 5.55487321902
-1.645852574 5.45895074497
-1.6209324768 5.38876215784
-1.6189665164 5.38651158309
-1.58053988463 5.12211330507
-1.58023905097 5.7762069028
-1.57912315503 5.3791819853
-1.54313073891 5.64608492548
-1.4980482387 5.51393287265
-1.48669323168 5.73598330071
-1.40537244502 5.86628227157
-1.40372024592 5.06131762897
-1.37587077423 5.36936061377
-1.29695671219 5.47542710493
-1.29464436194 6.06784709158
-1.26722028903 5.95362781476
-1.23512595761 5.40775142949
-1.2341700558 6.15207658054
-1.23168266935 5.65038253179
-1.20482266449 6.35482660707
-1.19219564948 5.45236672253
-1.17203322492 6.11158021986
-1.12011565914 5.44602029949
-1.11672577327 4.97336762191
-1.0905509669 5.24250448506
-1.09002962009 5.68792389863
-1.07566549936 6.12572811247
-1.04208173528 5.73310774929
-1.04030353554 5.50804506625
-1.03232309954 5.39646568386
-0.991598981055 5.65843471421
-0.808338651027 5.72201917799
-0.778471318292 5.54530752835
-0.758785694572 5.67757219729
-0.751402254114 5.72660020294
-0.721345004125 5.98122521217
-0.70987498354 5.97568702791
-0.695113674022 6.20288323397
-0.679344506057 5.91738150759
-0.554117274708 5.61169278128
-0.549068620932 6.13615935123
-0.546322558763 5.6713725769
-0.478765630739 5.86550543909
-0.469787265432 5.99058653562
-0.458444168052 6.08558478706
-0.385656940537 5.72117314282
-0.383284253896 5.37141333333
-0.342995462318 5.92491751836
-0.3103591261 5.6100473156
-0.302525433634 6.01254100337
-0.288982165564 5.70768291848
-0.247548468024 5.36274195833
-0.230505511247 6.41094284724
-0.118927794136 5.99764431086
-0.100997892763 6.32120027064
-0.0743302423103 6.1220803786
-0.05670655606 6.16752416193
-0.0516608274105 6.36273096418
-0.0498562028976 6.29897721593
0.0938900559662 6.60384916321
0.16050567522 6.41073552384
0.162227636934 6.26502917441
0.288584846858 6.50699391475
0.299436848034 6.87215723872
0.315964550115 6.65595949813
0.326803993509 6.49063044519
0.333486950933 6.90586339882
0.35763687247 6.56047665941
0.385923508303 6.55906933916
0.394817884706 6.29105373904
0.409993259346 6.95004230205
0.420179416761 6.69166629434
0.42051571082 6.67389051612
0.427358610613 5.99223659341
0.449322611913 6.8616141714
0.470775613696 6.47806970785
0.471471645102 6.73484632765
0.49666535098 6.35891610366
0.51697433512 6.78545730131
0.541340707511 6.26401363923
0.606189950207 6.47970641804
0.633971101409 6.80220141
0.699949035273 6.78813721017
0.745298989337 7.15592359257
0.746442880478 6.64487240046
0.753340607865 6.61522643596
0.759383181955 6.90141696777
0.769291029649 6.94877197364
0.781082329369 6.79835852409
0.815494672387 6.50383396626
0.879841025779 6.80401878746
0.892191710549 7.05883628937
0.932427558565 7.13718596207
0.963293208955 7.05954044456
0.985953904691 7.24012250714
1.00647248484 6.94455082931
1.06179745442 6.99967525034
1.06215079993 7.90230858224
1.08252560706 6.95016865451
1.12077332635 6.62079730467
1.12918457103 7.16080385588
1.14417405291 7.37612749276
1.18823768509 7.06647847498
1.19384520281 7.0903196859
1.26850448672 7.44524983286
1.28424616438 7.39968518483
1.33353744092 7.12054561802
1.35062882706 7.27389011413
1.37329993954 7.47465561962
1.41860778642 7.55415489728
1.44704669344 7.12386331935
1.47343069836 7.51814386203
1.47474852936 7.44503010609
1.47493240533 7.37774257069
1.50727462635 7.96158852828
1.51413036049 7.32415512624
1.54401885508 7.4790860498
1.55692405733 7.39318950785
1.61888548942 7.35817028565
1.64070192696 7.9932006957
1.69194467252 7.68601945588
1.70897174467 7.10789856229
1.7418828041 8.10577515226
1.76562109646 7.66865286382
1.77018158636 8.19025221049
1.83017481698 7.52493174152
1.83213111896 7.50836693685
1.86552837853 7.27940222779
1.89127221547 8.2055698248
1.89275879256 7.34825582476
1.92084709106 7.48482987974
1.95543691956 7.79350050487
2.03537545997 7.52674847777
2.0509351536 8.33171776131
2.05815448052 7.81637159318
2.19945291274 7.71504692391
2.25273482409 7.90816778261
2.25943574505 7.80353675258
2.33631353946 7.3614553322
2.34400678925 7.63674780824
2.38576876259 7.65555132459
2.39739084006 7.99528063095
2.42797804634 7.50700537873
2.4323813344 8.21930025088
2.45825349424 7.99985414041
2.46441134657 7.53429982303
2.47061733397 8.01181888105
2.47778868175 8.0866893489
2.49029704872 7.67794308585
2.49089076803 7.84121965204
2.52535931709 8.1150842907
2.54873138247 7.58687867682
2.55009989059 7.48352862221
2.58733286964 8.26460929162
2.59089986738 7.81824438906
2.6006593064 7.99656645414
2.62184671246 8.04427577942
2.64469840745 7.63837549636
2.67723413556 8.02321675073
2.6792941845 7.39461892967
2.73509965248 7.70405270506
2.7394422726 8.0529723252
2.76249927042 7.27134869104
2.76689254029 7.67701474252
2.7756024009 8.24083327022
2.78630472998 7.93473984695
2.87844504548 7.03987725673
2.95166298575 7.63306838981
2.98299930553 7.50556058235
2.99847367575 8.23141279293
3.00402578291 7.95815858431
3.03486083846 7.74670261583
3.0477344538 7.85374613583
3.06317631602 8.42257103623
3.1239305145 7.43990554026
3.18896589424 7.80609059295
3.22422430479 7.90326717457
3.30096251612 7.19842621104
3.31184698588 7.42287708741
3.36884758222 8.00898605722
3.39868875732 8.30940829155
3.39964237124 7.93544374451
3.40005551568 7.64710001676
3.40856728506 7.86506521897
3.42206439773 7.84310614952
3.43882656928 7.42105805867
3.47727673973 7.20784905785
3.55242140737 7.35707869768
3.63953248582 7.61960722939
3.67036638623 7.07659396456
3.71136241062 7.15964155357
3.74352467594 6.98072376746
3.75907745114 7.29310481053
3.85540952306 7.09799723216
3.89648878541 7.63361987766
3.93898691105 7.40512617883
3.95850409055 7.56535576768
3.97897545102 6.83110649245
4.01590252932 7.76643386331
4.10106675059 7.1624060157
4.10251419098 7.22692159061
4.25608164345 6.9691971176
4.35371289243 6.61951114333
4.37859456618 7.13113027111
4.39447148913 6.82557967308
4.48479005143 6.60663164426
4.55013332157 6.68008861447
4.55757373716 6.78293395969
4.56862725143 6.12849865765
4.59545920266 6.5752890273
4.61019752179 6.3020998159
4.65679809693 6.37642454916
4.65870790761 6.54229527445
4.68158012698 5.96565622513
4.70531422589 6.11986716743
4.73115207833 6.37679049928
4.80180028558 6.26347337613
4.82559635617 5.72807490265
4.84244725606 6.40619225691
4.87366611982 6.53361260128
4.91411668785 5.96267762289
4.98869333208 5.78751217295
4.99462963307 6.02732157414
4.99612821815 6.49767265065
5.02716047278 6.11775758732
5.03520614212 5.89822045102
5.05453069312 5.90412881908
5.13463900757 6.15527813435
5.1397057542 6.04060936024
5.19589089638 6.14590643397
5.2424660222 5.49436420671
5.25623067426 5.94091378583
5.27636093341 6.37578562232
5.27778492945 5.78897549896
5.28787138795 5.79411611029
5.32143854192 5.22496933762
5.33224910845 6.01361958104
5.33662749134 5.43271594762
5.37085619201 5.91653855136
5.43566402125 6.20818891419
5.47621284051 5.77371411504
5.49204331247 5.52102166037
5.50878424265 5.89897464544
5.50984650075 5.73620062195
5.51028078673 5.54715546253
5.51270392465 6.11421509947
5.58108816525 6.21202221125
5.58398619714 5.7293675801
5.59258611132 5.3328868372
5.59847084409 5.44904538818
5.60306788571 5.27729464937
5.60636026536 5.75550327235
5.61102314493 5.44069077145
5.61738431548 5.01867352176
5.70086598249 5.1797506592
5.70393434832 5.34453242313
5.74558714137 5.16894712377
5.75228834981 5.30071406215
5.77574469522 5.57416041133
5.77886161146 5.25222092997
5.79850404826 5.56580914173
5.80494404762 5.4429729712
5.82085990208 5.36739337891
5.85456074653 5.64365438153
5.90938379947 5.04667228798
5.95285495174 5.1794636489
6.04283312225 5.51104402671
6.10803075091 4.95319990587
6.1282092949 4.61759546183
6.14665678347 5.27563857088
6.19191715066 4.52545892177
6.2020506786 4.88415755574
6.273229577 5.32151741684
6.27675730863 4.98307576467
6.3277927518 4.70750028786
6.35267442878 4.60843349255
6.39711578222 4.34753010444
6.40528646607 4.54741995121
6.45778603112 5.08615647274
6.46935530502 4.87990430675
6.47526532126 4.85833601921
6.49996899717 4.8526577586
6.50255344166 4.95138651336
6.52178422967 5.08025797847
6.53594130417 5.07108867802
6.56722091993 4.91835109313
6.57109503906 4.65044315216
6.59433945629 5.17691838927
6.59495470253 5.07999582372
6.62021478711 4.86136847437
6.72035594908 4.19525394398
6.75344825893 4.6881516088
6.77966320894 5.16775453052
6.7852501991 5.34010588451
6.80224631476 4.81407005951
6.88991606003 4.87435719744
6.90079090673 4.81178514822
6.92942632496 4.17312412241
6.93299061653 5.14651443381
6.94535067866 4.75077589989
6.97536169818 4.36924371433
6.98976140766 4.22034141656
7.07313163094 4.99956957189
7.12001767406 4.00792988653
7.15738772646 4.41803614708
7.21814455067 4.79192513922
7.22691821716 4.34789574855
7.23050632106 4.52288155225
7.26002153522 4.50575554278
7.27204035914 4.50572792649
7.27904358097 4.60038403175
7.40774819407 4.79946565344
7.47955706148 4.21559402783
7.54474354615 4.89901593851
7.64447654626 4.44631223925
7.66783192214 4.68327756487
7.67206341693 4.62072888565
7.67303293254 4.66621113683
7.6936213497 4.29339431201
7.69682226358 4.27364980304
7.7418917338 4.2187774028
7.78382594261 4.2235280832
7.80316070978 4.55105163325
7.86943357265 4.67808750832
7.88250635847 4.308001798
7.92788029665 4.5340468753
8.01387932909 4.12780171329
8.03550679747 4.46313903209
8.17829052935 4.0449044066
8.2050372235 4.49826668993
8.21519353404 4.6525699551
8.29186635737 3.82797499864
8.32846630042 4.34515148051
8.33387444522 4.38135538486
8.37914283781 4.37078192121
8.38547125746 4.24011491078
8.40113715574 4.64782720596
8.46046526111 4.16167491162
8.46955699542 4.6263764006
8.47785045369 4.1744166573
8.51277712488 3.79212379456
8.51805363055 3.47079711339
8.53010620493 4.27641674493
8.53887989723 3.91407275278
8.60970921309 4.13060779392
8.61312433698 4.54088075134
8.64077940295 4.35033672305
8.71546329072 4.17020312088
8.72283221174 4.09736352128
8.72308420118 4.06295999758
8.79771128665 4.34977446483
8.9200387242 4.3223087233
8.92422889253 4.59751395296
8.93217051221 3.9885486406
8.9479412039 3.96590465258
8.98019908087 4.50772650529
8.98707247985 3.70416660841
9.06113486947 3.96265594419
9.08643853028 4.03774148718
9.10011406565 3.93858659094
9.11309783114 3.98787835518
9.11335308027 4.34639991669
9.21116672409 4.3667355822
9.29695903102 4.00722822856
9.35341958398 3.96465334607
9.35417273421 4.31202229603
9.41117773606 4.18134918387
9.43359918564 3.54771598247
9.44808567223 4.08098514523
9.46683867208 3.89608883001
9.54445806868 4.28461323542
9.57655588299 3.90561318577
9.59419462491 4.06250901358
9.61139632615 3.80631389944
9.61579994326 3.58518851615
9.64349951373 4.06891143953
9.65147668683 3.7737855872
9.70717207391 4.02770144849
9.75939344042 3.90157519717
9.79547885149 4.11769262448
9.80358755068 3.7750118101
9.84609374416 3.85556938217
9.88441151046 5.02528092631
9.93680357234 4.07014878592
9.93847640256 4.16655143829
9.94076438346 4.15798777579
9.9696009155 3.68786791379
10.032276669 4.06594554657
10.0952225072 4.18304221824
10.1281659448 3.43222295326
10.1336159269 4.04115815005
10.1358518761 3.9489393612
10.1556851988 3.5477452863
10.1835471152 4.49928671291
10.190277426 4.264113837
10.1982715164 4.15642579753
10.2043218483 3.88026172938
10.2410944426 3.99879652224
10.312585623 3.98848927847
10.3415325418 3.85429202789
10.3543247202 4.38721079602
10.3974408271 4.38843618053
10.4656159736 3.45598346418
10.5307367199 3.75603393569
10.5432862305 4.49664886056
10.5829906836 3.95674274402
10.606822055 4.63679098568
10.6700889003 4.33582376359
10.73867683 3.95329291239
10.7721575436 4.03278303809
10.8189705576 3.88229510083
10.8554072269 3.73162902145
10.8920677941 4.33167366523
10.935760726 4.19698018535
10.9898090789 3.65528000487
11.012275411 3.67894751438
11.0485456753 3.82344970053
11.0593947976 3.91669932463
11.0867726575 3.51323771372
11.0890150207 3.5491234157
11.1846702419 3.88369461717
11.1973110891 3.80806035487
11.2518448774 3.92012300024
11.2521143002 3.72118473022
11.2601213705 4.05604210269
11.2839048631 3.22735218919
11.3008915807 3.9951774881
11.3018088375 4.04615503591
11.3088529606 3.82804705629
11.3200002756 3.70162823584
11.3396871673 4.45472227578
11.3430732915 3.21324913202
11.3545048001 4.56571403729
11.3821488047 3.76321074124
11.4277509861 3.92694459505
11.5152296871 4.44713229753
11.5301748595 3.9197379699
11.5480789269 3.43742027102
11.7046844776 3.81001063775
11.7463610569 3.90962611877
11.7872441194 3.44526041785
11.7942476075 3.46055151876
11.8719534716 3.13638278543
12.162491259 3.10340239948
12.1783898488 4.17437822778
12.1877003865 3.66293639034
12.2980308774 3.58917504868
12.3335106314 3.80566987578
12.3740731673 3.48999959741
12.3974705793 3.19566298798
12.4372325731 3.65751870684
12.4542157679 3.99787887412
12.4747533381 3.9081616617
12.4810937569 3.92304474824
12.5266598715 3.47165693959
12.5283519633 3.47052974746
12.6081845535 3.70739147648
12.649142697 3.61346872556
12.6843308465 3.98872196552
12.7015601353 3.96429953538
12.7291102119 4.00588390727
12.7527898058 3.67585495979
12.8042025272 3.712230254
12.8189449271 3.27100032493
12.8241783764 3.30903308945
12.8346148397 3.88291162214
12.8862041011 3.40456738387
12.9091564538 3.53731327989
12.921651222 3.8728479749
12.9754422087 3.61270092825
13.0010987079 3.9038668456
13.0561618972 4.22574746129
13.068574765 3.31864835822
13.0688668688 3.69108687761
13.0725493403 3.94410589716
13.0834762218 3.70263727742
13.1270162048 3.78921992064
13.1587780262 3.44889414267
13.2170613467 3.58042741017
13.2551120521 3.91148171033
13.3627793931 3.3188343776
13.3990063424 3.58804106834
13.4060904412 3.56796404211
13.424827868 3.97107344919
13.4352799925 3.45369927594
13.4407217667 3.58177806452
13.4854760638 4.04838171477
13.5921066309 3.70894099277
13.6003955466 3.67252434967
13.6628588686 3.78209841133
13.6921499657 3.48454390435
13.709006916 3.67506466656
13.7353490391 3.46357598937
13.7537462103 3.92157441353
13.7566639599 3.37217433401
13.7839434674 3.39332718897
13.7913419399 2.97522058081
13.7956649637 3.71368620593
13.8206036168 3.54613100522
13.9300474287 3.80439304112
13.9484407077 3.49284222625
14.0279171248 3.56442822617
14.0511454669 3.64297573859
14.0632623458 3.63617021002
14.0952957117 3.81970096305
14.1106980726 4.35493976243
14.1154177184 3.92742236679
14.1483274998 3.66453411216
14.1696543945 4.03468816511
14.1777254219 3.90692068857
14.2035652956 3.04250882448
14.2586605343 3.73262830094
14.3375479117 3.84667594797
14.3569387987 3.9129622488
14.3650760595 3.43348110261
14.3687985571 3.55823080136
14.3865079944 3.32334120291
14.4659242115 3.32617608614
14.4907514595 4.12176838036
14.5139263158 3.64865094843
14.5232811396 3.29066102974
14.5396514726 3.24632191711
14.6185049233 4.00897070666
14.6236994941 3.13208506087
14.6400815866 3.64883362919
14.7230689996 3.65609979987
14.7632368362 3.64790995608
14.7805657923 3.71570272164
14.8213137061 3.15425102467
14.8484688482 3.44467178497
14.8650717104 3.59737872631
14.8745446366 3.86792672526
14.8774392611 3.2944509598
14.9174853319 2.96142256157
14.9218169468 3.85999787992
14.981517019 3.76295144213
14.9860045877 3.83359526728
15.040652705 3.72276436845
15.1307340142 3.78549239847
15.1529302733 3.52941237411
15.1692240787 3.19046012718
15.1973208988 3.70124344564
15.2281121386 3.74833116867
15.2857414394 4.02347104227
15.2991750851 3.74411669376
15.3061432732 3.24897708568
15.3105429027 3.68399708752
15.322686758 3.50154834707
15.397749583 3.85200671889
15.4771026296 3.21723772832
15.4892890433 3.56495639557
15.4980583712 3.76583186766
15.5383881972 2.55664628876
15.6114943107 3.88190147558
15.6291865377 3.23792303777
15.6534404009 3.4257883919
15.6722976422 3.20367752522
15.6874052095 3.55958878238
15.7216852558 3.79022716886
15.7249128915 3.31182029901
15.7451839968 3.78111452011
15.7880369979 3.67132307061
15.8099752415 3.37735443202
15.893508579 3.3119517573
15.9040044875 3.47045577873
15.935469576 3.33734925427
15.9468636781 3.32021909488
15.9743825302 3.58791114693
15.9874315768 3.27030378366
16.090302472 3.42385903906
16.1642420845 3.63172289302
16.1748176483 3.72101224849
16.1827822889 3.31241142274
16.1938563606 3.52482951892
16.205926266 3.38774391527
16.271628256 3.66990319039
16.2770104785 3.34322314608
16.2958316778 3.55091062456
16.3811866188 3.13948032181
16.4147651954 2.9557083722
16.4313928124 3.4083305865
16.4385922991 3.3521957413
16.4482872803 3.36512653757
16.506126416 3.57085663318
16.5264354581 3.17762178374
16.5476091514 2.72347821593
16.6520548576 3.27758883641
16.6664730489 3.62124878627
16.6729193898 3.24348562079
16.698712332 3.0618761491
16.7128311881 3.23218387539
16.7486556994 3.52035008631
16.7582358816 3.22550378408
16.7623738375 3.52791176009
16.8444806916 3.13757448724
16.8893278915 3.71897355449
16.8943167665 3.24277142277
16.9562229827 3.33624474898
16.9768237609 3.14982688315
16.9850372564 3.47939195564
16.9946594279 3.56382168598
17.0280560309 3.26430226368
17.0773565495 3.22131486694
17.1244809376 3.33059188278
17.129800526 3.46132696695
17.1339120096 2.98162427631
17.1538984933 2.71255374617
17.175035516 3.24798369794
17.2138280786 3.27614397029
17.2540075316 3.08385397138
17.3688524965 3.26610098408
17.4059968998 3.44872427786
17.4551202692 3.296226054
17.4596634538 3.79794977394
17.4752879523 3.24998920667
17.4877697687 3.627034792
17.537252943 3.5068043854
17.5471299887 2.82226664634
17.5630293686 3.22276974668
17.5843514133 3.2072664597
17.6576664008 3.58467903256
17.6719616179 4.07709948357
17.6776136332 3.01818161133
17.7514324434 3.13902271863
17.7657398502 3.61761123887
17.7688750765 2.95900132009
17.8042769518 3.00552604228
17.8356468039 2.73136872351
17.8690832087 3.2283925072
17.9961544673 3.6675150543
18.0051722952 3.41949709409
18.0773789406 2.99109422831
18.08359404 3.10843772624
18.0887648072 2.38807368403
18.1179356796 3.17217427038
18.1539717991 3.34066297298
18.2261969925 3.20265137005
18.2335948193 3.46841229899
18.2801421415 3.1854898892
18.3286600855 3.07513523533
18.3350822177 3.76614701844
18.3454805225 3.5701615674
18.3572084468 2.66921025462
18.4127874749 3.43370052068
18.4218371645 3.13771866171
18.429803627 3.30706618149
18.4500118818 3.11000365638
18.4567164975 3.32262502974
18.4683169455 3.34288740596
18.5905530284 3.56036767583
18.6040404469 2.57240507184
18.6375677588 3.78643035186
18.6383411308 2.66310224133
18.6433738226 3.19719763892
18.6856890936 3.27995574765
18.6883459717 3.38452704637
18.6913936766 3.09021265811
18.7047087742 2.862524592
18.7077688774 2.46368243145
18.7647424788 3.07838894703
18.7649640007 3.20599593783
18.7757045982 3.25583496999
18.796105054 4.10687213
18.7989217733 3.20350568545
18.8483131207 3.29732258461
18.8623670725 3.70349635173
18.9055656657 2.85888111651
18.9375689117 2.65657198039
18.9501019122 2.99107859135
19.0263811317 3.6111298533
19.0525257189 3.01324136622
19.0587733074 3.47863536391
19.063721683 2.79925165231
19.0864237623 3.10764004245
19.1980969726 3.80281493902
19.209292615 3.37641822711
19.3325589693 3.28056031215
19.3396587514 2.62561969067
19.3662999186 2.96299578128
19.3717842578 3.32773637838
19.3761461883 2.91226747542
19.3905840168 2.63690280441
19.4490709557 2.95174115626
19.4743896621 3.12466747644
19.5043577962 2.62625977249
19.5975241816 2.80413238203
19.6119362878 2.64555768338
19.6157526722 2.00695458847
19.6165158633 2.88685901416
19.6321928965 3.52169998672
19.6804825159 3.20576759171
19.696809008 3.14808926671
19.7054249538 2.90450043503
19.7060237278 3.75540517595
19.7130520134 3.02445378384
19.7687599754 2.91536302129
19.7699725699 2.86740425216
19.7721375741 3.04331590066
19.791577383 2.83836407227
19.8021881699 3.23009073888
19.8406294812 2.91215377424
19.876514462 3.08102529582
19.8814354933 2.86445893266
19.8966297124 2.39677828014
19.9166713519 2.92836910408
19.9171537761 2.96643672134
19.9413509644 2.70599525275
19.9443256561 2.77377706795
19.9650696934 2.90071879026
