-36.882240 0.000020
-36.382240 0.000020
-35.882240 0.000000
-35.382240 0.000020
-34.882240 0.000020
-34.382240 0.000040
-33.882240 0.000020
-33.382240 0.000080
-32.882240 0.000080
-32.382240 0.000020
-31.882240 0.000060
-31.382240 0.000160
-30.882240 0.000100
-30.382240 0.000200
-29.882240 0.000280
-29.382240 0.000500
-28.882240 0.000500
-28.382240 0.000500
-27.882240 0.000640
-27.382240 0.000800
-26.882240 0.001220
-26.382240 0.001360
-25.882240 0.002140
-25.382240 0.002180
-24.882240 0.002580
-24.382240 0.003420
-23.882240 0.004220
-23.382240 0.004260
-22.882240 0.005380
-22.382240 0.006140
-21.882240 0.007440
-21.382240 0.008400
-20.882240 0.009460
-20.382240 0.010080
-19.882240 0.011880
-19.382240 0.014580
-18.882240 0.014860
-18.382240 0.016820
-17.882240 0.018940
-17.382240 0.019800
-16.882240 0.021640
-16.382240 0.022520
-15.882240 0.023760
-15.382240 0.026540
-14.882240 0.027780
-14.382240 0.030360
-13.882240 0.031460
-13.382240 0.032800
-12.882240 0.032100
-12.382240 0.032580
-11.882240 0.034520
-11.382240 0.034060
-10.882240 0.035200
-10.382240 0.034960
-9.882240 0.035960
-9.382240 0.035420
-8.882240 0.033900
-8.382240 0.032840
-7.882240 0.032760
-7.382240 0.032520
-6.882240 0.029760
-6.382240 0.028280
-5.882240 0.025300
-5.382240 0.023660
-4.882240 0.020280
-4.382240 0.018740
-3.882240 0.015700
-3.382240 0.012740
-2.882240 0.010420
-2.382240 0.008160
-1.882240 0.005560
-1.382240 0.005260
-0.882240 0.004060
-0.382240 0.003800
0.117760 0.003420
0.617760 0.004100
1.117760 0.005620
1.617760 0.007100
2.117760 0.008300
2.617760 0.011620
3.117760 0.013720
3.617760 0.016540
4.117760 0.019340
4.617760 0.021860
5.117760 0.025080
5.617760 0.028220
6.117760 0.028120
6.617760 0.030700
7.117760 0.032580
7.617760 0.033360
8.117760 0.034740
8.617760 0.033140
9.117760 0.034940
9.617760 0.035780
10.117760 0.034320
10.617760 0.035540
11.117760 0.033800
11.617760 0.034320
12.117760 0.032260
12.617760 0.031840
13.117760 0.030440
13.617760 0.030720
14.117760 0.028540
14.617760 0.026800
15.117760 0.025760
15.617760 0.024740
16.117760 0.022280
16.617760 0.020560
17.117760 0.018360
17.617760 0.016900
18.117760 0.015880
18.617760 0.014080
19.117760 0.011920
19.617760 0.011280
20.117760 0.009660
20.617760 0.008500
21.117760 0.008160
21.617760 0.007580
22.117760 0.005340
22.617760 0.005140
23.117760 0.003800
23.617760 0.004120
24.117760 0.003220
24.617760 0.002020
25.117760 0.001820
25.617760 0.001740
26.117760 0.001160
26.617760 0.001040
27.117760 0.000780
27.617760 0.000800
28.117760 0.000440
28.617760 0.000260
29.117760 0.000320
29.617760 0.000280
30.117760 0.000140
30.617760 0.000160
31.117760 0.000080
31.617760 0.000060
32.117760 0.000020
32.617760 0.000040
33.117760 0.000000
33.617760 0.000040
34.117760 0.000020
34.617760 0.000000
35.117760 0.000000
35.617760 0.000000
36.117760 0.000000
36.617760 0.000000
37.117760 0.000000
37.617760 0.000000
38.117760 0.000000
