0.000000000000000000e+00 4.001714434903393958e+00
1.010101010101010083e-01 -2.026541083581660518e-01
2.020202020202020166e-01 1.137104506650876701e+00
3.030303030303030387e-01 2.463567944551410704e+00
4.040404040404040331e-01 7.370537681978698297e-01
5.050505050505050830e-01 2.839085737198139281e+00
6.060606060606060774e-01 5.347495580305203777e-01
7.070707070707070718e-01 -2.548772564888674985e-01
8.080808080808080662e-01 -7.494988428357243215e-01
9.090909090909090606e-01 1.233282520161804507e+00
1.010101010101010166e+00 -1.477765434265041478e-01
1.111111111111111160e+00 2.250105347278438472e+00
1.212121212121212155e+00 2.440130499540181575e+00
1.313131313131313149e+00 8.889345423976466876e-01
1.414141414141414144e+00 6.897363105070740019e+00
1.515151515151515138e+00 2.882754485356477936e+00
1.616161616161616132e+00 5.716611581586928281e+00
1.717171717171717127e+00 2.079817678709592332e+00
1.818181818181818121e+00 7.184972676705388750e+00
1.919191919191919116e+00 8.662856604552636952e+00
2.020202020202020332e+00 7.817894598625426461e+00
2.121212121212121104e+00 2.910435955063677582e+00
2.222222222222222321e+00 6.542130714862654628e+00
2.323232323232323093e+00 7.166614095469783230e+00
2.424242424242424310e+00 8.600677190390033644e+00
2.525252525252525082e+00 1.048168674547214607e+01
2.626262626262626299e+00 1.062413373178074849e+01
2.727272727272727071e+00 5.899818231226569232e+00
2.828282828282828287e+00 9.447390390510372882e+00
2.929292929292929060e+00 8.482333205570384393e+00
3.030303030303030276e+00 7.989777705234352823e+00
3.131313131313131048e+00 1.233132394901895523e+01
3.232323232323232265e+00 1.236570860435245933e+01
3.333333333333333481e+00 1.193195224792800957e+01
3.434343434343434254e+00 9.962809932566743853e+00
3.535353535353535470e+00 1.162223173111614649e+01
3.636363636363636243e+00 1.063706060574073220e+01
3.737373737373737459e+00 1.076308241060149662e+01
3.838383838383838231e+00 1.063851980002548103e+01
3.939393939393939448e+00 1.294905397601235642e+01
4.040404040404040664e+00 1.023031737825335874e+01
4.141414141414140992e+00 1.202900366051001946e+01
4.242424242424242209e+00 1.344361947455773354e+01
4.343434343434343425e+00 1.285831723384682235e+01
4.444444444444444642e+00 1.385617097823886290e+01
4.545454545454544970e+00 1.217046257231231010e+01
4.646464646464646187e+00 1.317209051127602493e+01
4.747474747474747403e+00 1.531617565411361603e+01
4.848484848484848619e+00 1.604555372124421098e+01
4.949494949494949836e+00 1.247481465560433378e+01
5.050505050505050164e+00 1.620730833729009390e+01
5.151515151515151381e+00 1.712026438625464664e+01
5.252525252525252597e+00 1.616610620082792238e+01
5.353535353535353813e+00 1.474769349496043347e+01
5.454545454545454142e+00 1.373226121610113815e+01
5.555555555555555358e+00 1.503272769526211050e+01
5.656565656565656575e+00 1.463215222679294669e+01
5.757575757575757791e+00 1.697619840389843304e+01
5.858585858585858119e+00 1.607578688240514353e+01
5.959595959595959336e+00 1.800971992410253009e+01
6.060606060606060552e+00 1.978277617675586697e+01
6.161616161616161769e+00 1.732190710250813481e+01
6.262626262626262097e+00 2.010308691707362527e+01
6.363636363636363313e+00 1.845546068976394949e+01
6.464646464646464530e+00 2.199933178286682178e+01
6.565656565656565746e+00 2.050702188315316121e+01
6.666666666666666963e+00 1.719007126644431338e+01
6.767676767676767291e+00 2.101708818056858163e+01
6.868686868686868507e+00 2.183225011329469467e+01
6.969696969696969724e+00 2.273781434729870199e+01
7.070707070707070940e+00 1.586892742068400253e+01
7.171717171717171269e+00 2.291055218749004396e+01
7.272727272727272485e+00 2.477348368392114253e+01
7.373737373737373701e+00 2.344103815250926459e+01
7.474747474747474918e+00 2.209787704961580346e+01
7.575757575757575246e+00 2.322525461097887955e+01
7.676767676767676463e+00 2.411064132370704982e+01
7.777777777777777679e+00 2.367287198613206201e+01
7.878787878787878896e+00 2.397599300084251084e+01
7.979797979797979224e+00 2.170974480053489586e+01
8.080808080808081328e+00 2.416467279517767608e+01
8.181818181818181657e+00 2.398007108951136956e+01
8.282828282828281985e+00 2.444830823006953580e+01
8.383838383838384090e+00 2.680903202026277654e+01
8.484848484848484418e+00 2.739105676194193961e+01
8.585858585858586522e+00 2.890227016045772501e+01
8.686868686868686851e+00 2.588953283760656987e+01
8.787878787878787179e+00 2.873326406137444167e+01
8.888888888888889284e+00 2.670232549474454231e+01
8.989898989898989612e+00 2.490784934087280789e+01
9.090909090909089940e+00 2.918238287212997761e+01
9.191919191919192045e+00 3.031494465516913550e+01
9.292929292929292373e+00 2.515104514554697346e+01
9.393939393939394478e+00 3.153826305384989936e+01
9.494949494949494806e+00 2.794004389954830003e+01
9.595959595959595134e+00 2.794629790105951272e+01
9.696969696969697239e+00 2.959580239904423848e+01
9.797979797979797567e+00 3.138836329875422138e+01
9.898989898989899672e+00 2.830878409169711674e+01
1.000000000000000000e+01 2.977443035968897078e+01
